41166
10109
950
2391
10622
4707
3193
20429
1404
2017
19383
9132
5068
1279
1446
4336
1998
2657
27414
2422
1608
3083
10903
9552
8232
3382
869
1896
2310
4632
24324
13582
1954
2639
1656
5112
3432
8800
1095
8964
3526
6181
16973
2081
3136
1191
1330
1026
1993
1717
384
619
3255
504
13976
10574
5726
3646
551
7368
15864
458
1954
3722
639
842
653
1548
2003
782
9617
8904
7826
6114
2028
6100
2558
5523
630
4963
8608
2621
2944
4643
9869
5236
1181
1102
991
4771
12898
9692
27174
1470
2103
2558
815
2056
6841
4785
5684
16511
3406
5011
3196
1325
9088
6205
19024
6856
836
722
2589
842
4123
16206
1787
2827
1178
15438
1671
1334
1517
620
2662
19165
1930
6577
1611
3655
1092
3415
8091
1005
809
7664
1870
12337
6122
7681
6902
4082
5660
19651
1233
2312
5174
10199
2659
4371
4951
1891
13136
2152
719
23964
4409
10337
8010
19896
2792
958
9094
1214
3999
9637
1843
9069
2608
3060
2665
3974
1149
2296
5329
1079
3136
2944
4643
1330
738
2859
2728
1730
2675
16594
10281
1292
6619
7211
3034
1772
2453
816
4561
5335
3587
8187
3309
6821
9727
7596
6205
4628
3104
6856
6663
1467
4546
1475
3899
2825
2929
1297
4946
3325
4673
20770
850
5674
2955
7572
11376
9595
842
11539
7583
2508
2134
1517
22206
1494
1954
2786
9725
1416
2619
12708
4076
3199
2294
3142
6100
2186
3217
5440
18011
5593
1811
1295
2076
1730
1790
545
6181
5429
853
2308
2088
8758
9402
1725
4963
1431
5199
9489
1124
3766
18249
2171
1472
2626
6013
5187
2481
5232
9313
4355
1730
5747
1921
1129
83572
12492
2454
9943
1880
5310
2165
2709
1292
3168
8657
1830
4102
6896
2112
2119
3818
43179
2471
1935
12367
1930
9595
1707
747
2002
20294
165
16731
1403
2390
11913
1536
6596
1206
750
1319
13582
2024
1353
1007
1790
5436
9725
12446
18495
906
1136
3361
3940
18011
9207
1487
862
2208
1963
1163
19896
2792
4873
6181
9094
2312
678
6794
6186
9637
979
2165
3026
4923
1672
2451
12074
6047
7599
2981
3169
8138
4407
13105
9506
4378
2579
4528
1517
2626
26290
10109
942
6221
984
4076
4101
2298
994
5632
2148
6854
27111
1684
1296
3221
5777
22733
2577
8182
2691
3505
4316
988
558
7888
2104
2904
10622
3066
7199
6817
3241
5883
2362
3694
8503
2044
6634
390
4431
4780
687
1512
1365
2455
612
2639
439
6253
2141
2401
1708
1277
1227
1301
3554
790
876
6035
1286
1173
10952
1091
2997
65326
17936
9359
927
2811
1860
2804
4608
22194
12280
14257
8992
69198
10339
79223
8740
1660
2134
2252
1496
9961
1786
2342
3365
2032
1774
807
1123
1532
2593
2938
2289
1982
2520
2833
3403
4964
950
1868
3913
1466
1013
2229
1155
1498
1198
1770
2843
2301
3971
8863
1057
2277
4051
4302
1382
6933
1521
15166
18525
5930
409
6791
15458
981
8201
1127
1279
3571
4985
1895
850
1858
1204
762
3895
729
1845
1062
3252
2009
16326
792
2210
1757
2555
1637
566
4221
3071
1937
10379
964
3197
929
4476
2236
2801
1134
797
2660
946
3749
9342
8055
5905
1906
3691
1469
5111
2621
13443
998
1841
1017
15809
2594
1849
5241
1076
14710
25300
10671
1996
1032
27325
5453
750
1550
6187
4558
19610
6825
1194
1649
63847
1855
13971
6148
8309
2051
3572
30426
38876
7110
1041
2761
9826
2465
14307
1452
2817
8166
8425
4151
1711
2078
20721
579
12062
6652
3443
14595
2305
3810
3959
2261
2817
1022
626
2129
34109
27673
32609
25383
17733
21232
2609
1534
1740
4798
2214
2120
2240
2471
1715
2555
1858
5127
10288
19550
9869
17098
7522
11433
2438
1678
6134
6669
3167
9053
10339
3064
1361
3404
5579
2165
3579
2175
9727
2109
1441
28503
1486
57588
8689
4251
6477
1364
19086
2501
5127
5453
2520
1578
1076
1659
2577
8069
5508
17733
3167
1812
4362
4958
836
25472
23955
3538
2111
2470
7910
1601
1643
4342
4186
11648
1125
3362
3300
738
1321
2176
6296
5353
5031
8813
1190
9008
4479
6022
3541
2200
2986
1344
13432
61340
4151
1592
2947
5448
2382
2522
4940
4558
4348
1194
4167
6356
1855
701
3316
2652
6627
4541
1902
12147
3154
2436
3572
955
3376
2229
37307
1569
6381
7788
1041
1189
1493
2853
3198
11568
1950
6094
797
3317
13638
13308
64887
14597
5249
7497
2784
5569
8362
50590
7500
906
1870
3244
9101
5138
2998
11795
10429
4587
6988
3965
14105
2309
2624
525
2562
2750
2496
2013
2008
2354
5432
1468
2022
2932
79223
788
1502
7245
2362
1011
7965
998
9354
2178
3167
3980
4396
2587
6542
9668
2887
2280
10173
7530
8287
4411
1830
1990
1322
25036
5636
1398
3500
1845
1512
4402
14658
2159
3572
3413
56301
1612
3218
17517
33926
41743
12818
5944
36702
733
22693
45678
14925
87866
68519
11511
9327
8069
701
11469
9953
2049
1958
1926
10245
5518
3949
1490
778
1255
5310
4780
1629
1877
2929
2896
1693
9277
2121
1001
1525
1153
1406
2096
2581
2964
1824
1819
2139
1305
1679
1066
3705
5071
3214
2947
2608
17519
8776
23260
1065
51998
3247
1951
3190
1409
1466
5169
2759
8973
2755
2520
7023
18173
27617
1280
1391
1438
15060
10081
2955
1953
706
8536
2393
27546
1451
13447
17029
6380
5199
7117
20775
14025
15666
2680
3737
2345
8464
8741
2716
3006
1181
1399
1488
14263
2459
12947
4523
6972
1235
1755
995
2776
3198
12017
652
2001
1029
2176
7556
1930
856
3475
4496
3924
3171
13153
15650
2229
2660
979
1731
3028
2780
1636
2980
1622
2762
4268
2260
1547
12462
9845
3528
3102
3662
4862
4400
11628
1314
2771
4950
1624
4490
3709
9320
5075
7645
2923
1572
5965
4637
1856
3801
5003
8605
3830
2767
6741
1404
2789
4024
6822
2794
1460
5234
2124
11946
4625
1087
2215
3497
2386
5561
3794
1852
4533
7060
4005
9363
13059
8074
6065
13308
4261
9919
3006
3804
5003
1841
14597
799
2818
1176
1504
2805
6182
6239
2229
2540
3031
18780
5497
8881
4490
1413
8224
3709
9320
2079
1952
5639
1703
3355
1369
4656
2135
15315
3278
3344
3350
2364
11747
2831
4230
4589
3830
2996
8059
1183
2515
1109
3215
1178
4966
12642
5908
1295
2244
1677
16910
4629
1492
2331
2113
3944
2948
3166
3455
3657
15945
13689
1996
2665
8302
2316
2208
5322
5045
14795
12802
9783
8962
1756
2640
2784
3538
10263
8212
5457
2829
2839
6587
4578
3487
3941
2709
2358
1896
2579
3695
3650
3006
10826
2501
13415
7902
3300
5619
1276
2910
2913
9294
2553
4278
4895
2875
2993
10483
3405
3804
3133
2696
12826
2579
2845
3960
2762
4268
4862
2528
1808
1120
877
2607
1709
459
4091
6451
3199
1985
1035
942
3079
3755
4601
1009
1563
2811
2169
2797
1762
2470
1164
1349
2788
1722
1581
2344
1965
2995
2811
846
1928
4258
1186
1811
2861
5958
1227
3619
2435
1945
3412
3825
2864
1974
1925
1025
975
885
1854
2232
3032
1368
715
1873
727
1105
1355
2426
1276
1528
951
1189
717
2118
1393
1956
1508
1401
1996
2853
1231
958
1861
1533
953
919
1515
1699
766
2077
1756
1861
3075
3157
3110
1633
1881
710
372
724
1910
920
1642
2791
3364
1571
1924
2648
2278
2519
901
791
1972
2101
3314
1401
940
2392
1046
1300
2627
4534
749
979
881
1786
1017
2997
3121
1828
1835
672
1991
1045
4789
2562
1635
1666
1763
2008
2550
858
1390
1182
6002
1592
1466
1354
1810
1425
2735
2164
617
3797
608
893
1527
2345
2134
3719
1640
1395
974
1407
1974
2168
1065
3101
719
2644
665
1426
412
1762
1533
1143
2561
1945
2677
3283
2449
1875
5055
1451
3111
928
2804
2463
2585
3270
5082
469
634
2843
2020
1977
2597
1241
1062
1551
2235
2996
5262
1951
1849
1286
918
3933
2036
1594
1982
960
3347
1740
826
1369
1221
1228
905
1360
934
875
1313
480
1019
930
1422
1077
1791
2310
3232
1975
3971
6097
1821
1225
816
2114
1252
2906
2769
2021
689
2479
2230
678
1348
2850
1862
1171
1089
2344
806
4282
1574
2978
2170
1098
986
463
1386
2532
798
2261
2544
2155
1218
2458
2044
4189
3843
2657
2681
3436
707
1569
1793
769
3842
1877
2565
2613
752
1380
2817
1600
1866
1947
1077
1608
2036
1617
3229
2937
1717
2215
3508
764
680
614
718
5432
2192
1547
2139
1615
902
1023
947
2444
868
1507
1852
1475
1825
2320
3325
5888
2019
2052
1952
1169
750
1915
1927
1355
4616
1840
1301
2536
1437
1411
3169
6055
1124
1624
2193
1277
4057
1242
3298
1245
1419
2546
1840
1083
3096
2819
763
15212
2086
1313
2101
2704
1243
1971
2986
1568
607
2260
1439
3094
1027
1347
2191
2334
1157
2360
385
3854
853
3223
2724
4934
1846
2253
912
1869
2831
2942
1688
2371
811
669
3084
2018
1419
2401
1193
1946
1211
9473
2543
2628
1821
1843
2102
1381
9633
2255
4606
1718
2127
1202
1567
3970
6223
7106
2027
8052
4911
6778
2610
3921
2899
2960
2176
22454
9050
4576
15963
25854
6911
780
21137
30535
92819
122490
66035
27296
37919
43228
35660
73429
89343
21970
30535
27424
39239
137359
35529
44676
93771
58108
37321
29283
71488
31295
30024
38248
63413
117177
53544
31295
30535
12453
9729
14998
15170
17763
22833
14612
18173
28082
18687
20725
11502
18065
40658
73552
9054
16893
13845
11069
10515
13372
11966
8037
20342
12190
17248
10437
10837
19828
21191
13934
19165
26826
10971
12297
9886
14882
14822
15362
11648
13177
11133
9326
19637
34488
10442
12189
36106
28735
40115
19614
30596
25396
13082
23815
33637
29117
15559
79876
49719
43595
32759
21362
14122
19560
18823
19554
47730
33209
22044
31277
12818
15929
19866
46529
14027
17731
23054
19414
43441
50714
16735
18990
26543
19907
29204
24764
30132
22267
34109
14637
39282
37643
15432
26122
40486
30144
44938
41641
17854
22082
67046
39480
50818
10584
46010
33405
42407
60935
29704
26053
17181
13973
41259
18207
19497
45761
16488
24706
20346
20346
16828
32777
16442
26625
15989
78958
12526
72575
24357
52033
26427
21088
27384
31038
31149
15972
14263
15298
24174
50478
12966
23551
14710
35534
15478
17998
14550
19134
31788
28074
25803
16748
22533
15612
23957
27416
7530
26543
14759
13294
16509
20792
16972
21283
17677
24875
15684
14619
11060
16904
48486
15911
17199
72575
13619
16150
19854
21454
10438
11287
14829
25481
24013
17464
20234
15554
18982
27707
11731
10892
21469
17510
35214
16463
25850
15730
14839
19172
24357
21855
19990
13779
27284
22436
22832
13592
20041
16685
18374
12765
20428
17003
14067
16937
17027
55303
21840
33484
15703
42649
27503
26427
21088
23199
18705
13945
15972
20221
22137
17409
16546
22475
19365
18015
20425
28812
13962
18709
33260
16701
14649
22723
27630
31014
31517
23544
30962
10698
25422
16362
12349
24771
16887
22856
15756
16227
27635
25514
11919
18374
28084
51053
46283
16076
33622
22558
21086
15933
18094
13463
19447
17421
28443
32046
13982
26933
22489
9240
23891
35398
14637
11490
19221
24526
16546
18474
16722
26466
12517
36317
13974
6938
12123
18066
20611
10438
25035
21148
14833
19241
33909
41962
33184
13180
11854
14400
29448
39804
22418
39483
16628
23100
28462
48141
19488
13492
15779
13488
24762
14315
19903
9804
29575
29155
6958
21325
16701
15425
19093
27177
19728
14539
37477
14678
26625
23696
21346
38617
38103
20211
53569
14263
16546
12197
16272
28082
44776
33431
37477
80539
36106
43385
19554
10679
10125
36091
19233
57669
23236
20116
39448
25189
19579
13552
18158
25450
25904
11398
19887
15432
36237
22000
41716
19677
16487
15856
23296
19676
18416
25231
53291
36686
32644
46283
13951
90053
15559
13536
43595
25702
32759
21362
14122
11704
12144
39459
17771
55471
13933
17095
19649
18939
57197
27736
31271
30204
20063
16891
15031
22457
1403
1103
2460
3720
12979
3927
8369
3378
7689
2097
7435
2373
11085
3145
1947
4994
836
2241
1659
2568
9655
1534
3557
5150
3384
1969
3872
2155
3118
2421
3446
1845
1954
3638
4205
1817
2660
2097
7051
2044
1133
1013
12922
2651
3342
4241
16989
5268
2097
4049
6840
9142
19277
4639
1327
22925
2734
10578
2870
4156
10067
7954
7714
4536
767
3004
3544
9497
5359
5093
8420
3753
14815
5063
2538
563
3523
17169
1338
5203
8162
2635
1273
2495
4967
2029
2202
26050
3733
7449
7469
528
561
3361
9207
6802
2165
470
341
2125
3688
1961
961
1283
2777
1029
2504
2361
2747
153
20915
3191
14646
1870
1028
4021
1842
7571
3442
3053
7996
10653
697
1221
15019
13384
2816
3567
11002
5327
3218
8908
3260
2584
3711
9287
7109
2886
4360
2562
4434
10621
2634
2899
13443
2448
4250
1829
8510
2798
489
12484
3867
5232
5609
7325
6011
4375
11571
11361
2782
7387
2472
1266
1352
3005
11875
5507
11120
1931
985
5395
2280
3672
3424
566
17553
3144
17368
21347
11839
7266
6202
3439
3892
7552
2449
4095
3385
4989
22623
2664
3263
2211
10169
6280
3122
3812
7546
14804
4926
22080
31267
14297
5594
6729
7922
4263
2451
32935
8559
4229
2365
2342
905
2437
7786
4239
3700
6394
4626
11806
6704
8452
3933
4400
1493
2055
1959
5364
5013
4921
1645
4639
12835
3461
2945
2614
19733
19420
5139
17918
18184
5305
19067
31499
35119
13254
1614
5203
2648
16254
1895
2469
3204
17079
1500
3095
10448
2130
397
8278
1797
10834
20072
41629
3867
4011
3207
5480
4594
2070
2194
713
1281
1596
2678
14332
7116
8475
1653
1560
11057
983
11683
10702
25370
13346
2972
10518
1453
1867
1484
3050
2629
8554
6396
1211
3144
2675
6056
2723
686
831
2846
2454
830
5153
2774
1192
1092
4078
3709
1131
1198
2631
4514
2043
4240
491
3119
3354
1328
1946
1740
4027
2097
5232
5609
7325
6011
4375
11571
11361
2782
7387
2472
1266
1352
3005
11875
5507
11120
1931
985
5395
2280
3672
3424
566
17553
3144
8491
4665
11630
4784
4394
5643
19842
3724
16315
2799
6823
3885
3885
8403
1989
1549
3806
2363
9660
6676
1353
7689
3114
34358
38344
4763
3464
1712
6256
1364
1935
2432
8761
4416
37560
3540
30447
1130
40237
3971
1566
7351
38474
7429
3405
12441
11683
3013
1354
1091
3455
9637
25740
1103
10316
1903
3014
1848
4233
16066
3335
15864
2277
1311
890
13085
7047
1740
6090
897
3443
4851
1372
6963
1899
3806
6636
1601
7470
3319
4993
12974
6914
3846
5393
3247
8285
2737
3769
6255
32403
1933
2248
7104
1246
2466
2030
4849
3464
2819
5988
3185
4939
1312
2603
2621
4778
6860
4508
6102
1368
4634
872
18676
4012
3123
451
2625
823
783
18882
2210
2844
9679
4697
3806
3557
13869
12952
13329
5251
2003
4671
11280
10891
3247
2329
2157
88300
1857
644
1667
28744
3580
3668
3018
125340
2600
896
9092
937
1746
1760
1838
3657
31305
2048
985
1341
907
4006
839
2156
2749
4186
985
4905
1155
3735
4575
1539
3724
13163
1547
1312
2221
2343
15258
2781
961
1864
3309
3594
3377
3010
1468
2967
2296
1392
8474
7983
2146
2639
80468
55725
3358
3508
1281
14332
10702
25370
13346
1453
6386
1902
7291
1086
3336
7469
8989
4940
2239
4087
1352
6867
5025
2987
700
2209
8934
2985
3873
2199
3662
1068
3450
926
766
2333
892
684
4106
2213
473
2059
724
878
3177
1074
3247
3172
2895
2822
1614
8504
882
946
9999
1651
923
3536
8447
8860
3660
2641
29735
43930
5987
1741
1855
43179
4464
3510
4519
1382
18465
6620
19541
5881
2384
6935
2502
2569
4616
3691
2986
2253
5030
1253
5607
1608
4025
2537
3168
2803
2237
2573
2595
3595
2771
1017
32642
1440
4102
1136
960
41415
3736
2947
17339
10743
16014
3830
2101
2642
14470
2171
49067
9678
16162
7611
1176
3398
14318
10684
7040
13844
3232
7395
3397
2799
1883
5547
5371
6575
4029
12880
3010
42603
5241
12428
5336
6345
9757
5340
4339
2339
1715
1295
4243
2278
6134
2604
3795
3500
3466
1965
9117
9213
8105
3171
687
3872
17610
1736
8508
3616
3976
635
3743
10613
12441
7727
3262
7225
896
4278
1795
5621
2621
5100
3697
4276
1341
3626
10537
1445
7708
21534
2239
3234
3672
2689
14257
25834
6433
3455
1782
5322
2997
24828
2262
12283
1735
32777
5403
15741
2561
9668
10327
7832
21360
13230
8836
28674
3561
13582
5073
41033
30317
24881
7191
12172
6042
21479
46627
6716
1352
3170
10116
9446
1629
5390
13637
4643
15553
5510
6100
7798
9213
10116
2826
6953
3712
24032
12751
14272
11373
6137
17146
56383
2305
14997
4207
4222
21452
5335
3030
2755
3646
7507
4434
39885
5199
3927
2792
8470
1560
1871
979
2537
17724
3422
565
3232
1240
881
6957
3265
3874
8629
4927
1919
9068
2335
7466
3030
1969
3143
1760
2678
6513
7762
4934
3103
9387
1656
2696
4819
4353
4790
1286
2204
6390
5101
3221
8004
3546
14863
3317
8498
10591
2382
5645
12750
11571
2782
4468
4502
1317
8309
2065
1186
5780
7163
15989
2838
985
1709
5448
3862
2296
6357
1922
4316
1479
1319
444
12600
593
3495
384
5930
1103
792
17763
2455
1738
646
4854
2871
1369
5829
6410
1361
1281
6486
1332
3450
3355
859
7718
2742
7209
3835
1700
1806
4636
1329
3553
8730
3920
1989
4603
6039
1666
29155
9297
1696
3907
10010
1965
3446
1400
6627
3582
14619
3656
32688
55693
2871
4940
8719
2791
6887
3143
3019
9380
5199
14352
4232
2460
6199
4005
1189
2111
1334
1944
2590
1498
1086
2780
1922
5780
3704
11621
18637
8521
8223
21408
2470
3191
25993
8591
2831
1864
1152
2059
2266
4306
7888
2845
1126
4544
7015
3282
6085
12515
4810
12979
5610
3221
3040
1098
1358
3337
4102
2857
3582
2064
2703
8225
2708
5318
6745
1450
10293
2600
2857
3254
3521
3078
16588
3646
20420
16924
18756
2133
1672
2355
5118
1990
11671
11921
9614
8381
1144
5871
1305
9091
5552
6394
2711
8342
1546
2057
2268
6932
11639
4020
2692
6095
5371
2195
1068
2014
11783
5810
2493
1922
2934
2905
3629
1182
7702
2423
2251
2356
2764
2745
5873
8985
2718
2792
2576
3078
1276
1155
1025
1861
2853
3448
778
3146
1277
1684
1853
1438
2712
16527
2673
1877
2078
4365
564
1573
2111
3083
3233
1926
8608
3085
859
852
2774
3764
2910
1493
1335
8175
1290
3444
27796
1032
723
6045
2895
1678
2234
2015
858
1544
3676
2173
960
1353
1217
4760
1771
3052
1823
2409
2002
2336
1693
1677
2840
1108
4230
3690
3867
841
1189
2897
3125
1213
4696
384
999
2127
3144
3227
2998
1765
1061
1120
2607
4091
942
4601
1009
1349
1722
2995
1928
3412
1974
1925
885
2232
2118
1533
953
766
2077
3110
1881
710
372
724
1910
2519
791
1401
940
4534
979
1017
3121
1182
6002
1592
1810
1425
608
1527
1065
1143
1945
3283
1875
3270
5082
469
634
2843
1977
1551
2235
2996
5262
1951
918
1821
1225
2906
2021
689
1862
4282
1098
2532
2261
4189
3843
2657
769
3842
1380
1600
1608
1617
2937
764
680
614
1615
1023
868
1825
2052
4616
1301
1411
1124
1242
3298
2819
763
15212
2086
1313
912
1869
1745
2942
1682
1688
2067
3184
1886
811
4259
4419
2095
1556
1251
2529
1559
2552
2480
4593
1894
1089
2791
1481
2487
6107
2680
3778
1380
2403
911
8612
2695
1508
523
2220
1517
1734
940
804
573
716
1368
710
814
1694
1766
549
1067
593
709
794
1891
3167
691
1144
1951
1270
2147
715
1153
2098
764
954
1169
826
1575
1096
1314
994
684
1547
1977
1936
591
977
3104
557
1761
1962
1200
893
866
578
3482
1204
1726
981
1606
590
929
397
386
1940
719
1660
2510
1484
980
1207
1251
3151
1888
2981
989
740
1869
1491
882
698
886
2450
1434
805
497
2612
1074
1240
1180
1084
944
1106
1230
1297
1983
1193
1385
537
1313
1079
1017
1240
422
1272
930
530
1158
2588
547
1064
1544
1031
5083
959
1276
725
1013
3566
1185
906
956
555
1993
601
2010
1349
609
510
16880
717
1166
455
1231
655
1730
592
1431
1014
2843
1666
1729
630
447
2188
3043
1466
826
1569
1827
2680
1243
2630
2970
1707
1360
1839
3273
4075
5455
3656
3387
26176
892
1794
3492
4674
9076
4226
2750
1911
713
1834
1388
1140
1549
1346
1782
6555
1735
1895
1276
3518
5888
1909
2290
1631
3223
2427
2107
1109
1100
1142
1726
3484
1784
988
4771
1583
1628
1161
1723
2251
2851
3452
3234
2221
4583
3943
3492
3767
2363
412
2468
2529
1650
5069
1445
1982
1813
2254
1503
428
422
1798
1068
2298
1216
2838
471
9294
1514
2068
1045
1049
1775
3044
2135
7330
3273
1524
2077
3275
401
2811
1179
4930
1584
597
1131
665
3442
1868
4627
3053
1434
2463
843
1305
2463
2362
2335
2229
2471
2313
1095
5479
5412
1833
3493
1190
1311
438
2808
1114
1975
14895
1146
2630
2446
5144
1262
1145
21196
925
2084
877
2536
1063
4196
1861
1017
1192
1647
1097
3180
3764
4849
1576
658
1017
836
1480
2247
3846
2761
995
719
586
666
2918
1788
800
1253
1566
754
1720
948
602
809
2223
730
1492
1733
736
810
602
647
1144
1057
302
748
1079
625
1514
1354
4173
821
1029
1115
3099
798
994
751
938
5117
1344
621
984
1147
969
1376
3454
1287
1394
1126
3200
1480
1555
730
425
669
7854
850
1096
1121
2520
2707
1633
2840
1079
1676
2594
2242
416
2792
810
1507
1346
1113
1992
2342
2584
1482
3989
7321
4934
2332
896
1020
740
2128
898
2755
1227
1077
992
965
1371
2640
3686
817
3587
825
1132
1852
807
617
1751
806
2183
5656
783
1017
849
1169
845
3695
2369
2275
421
4137
2037
2301
1410
9057
3834
1198
3945
1690
1535
2779
3471
6322
2097
3055
1553
3647
3693
2952
1236
3115
3370
1576
2646
1302
1132
1304
1210
3440
1144
3158
614
313
808
1322
573
1950
1164
847
1223
3704
720
1392
1566
2202
1368
1127
466
1205
4121
2016
1084
932
3204
713
839
586
1111
4825
1585
3464
2363
1223
953
3104
821
1106
1772
715
1272
1792
835
690
1110
857
1962
1207
780
1971
2088
3011
1098
1572
1244
1373
1339
4660
402
1716
1670
693
2299
1734
2709
3906
1054
2452
2957
2291
789
1338
2438
1213
606
3656
4247
824
1940
891
941
703
1329
894
2033
3336
2047
4382
3661
1719
1042
2360
1370
4166
1961
1745
929
962
848
500
2141
1025
837
3527
1718
1235
6029
374
2122
1183
1462
2258
2283
462
482
1937
956
1943
1606
2350
1558
895
551
1819
1290
1678
2167
1235
486
1487
1602
2477
986
1993
896
3349
1758
1384
1194
487
2148
1969
789
1805
3512
1099
907
2466
1605
4772
1933
4928
3510
1103
1797
2988
2150
2438
597
633
1239
1411
887
805
3511
1766
716
1360
1026
1216
1756
1732
690
1322
1267
3653
2675
5245
4662
1079
1307
849
1438
702
2526
1249
1724
1092
1552
4002
819
2362
2236
645
929
1675
579
3757
6165
3449
2465
3750
1985
106604
731
593
2529
3097
2981
1908
1994
1268
3639
1102
687
1439
1427
18917
1379
1124
390
4845
4290
1982
706
3727
2728
1283
924
1398
1134
1121
1143
533
773
3139
675
2051
1712
2635
2426
2370
3299
2119
1316
2128
2277
684
697
751
2086
861
2495
5897
581
2557
1071
1527
4287
1180
5361
1057
1949
2357
3287
796
2500
5958
4316
995
511
2796
1686
596
1390
1685
3719
682
2204
1384
3957
3565
1921
2001
4182
1471
4451
5476
8492
1316
969
2208
2478
1401
5639
6685
4847
1653
5494
1173
3507
2156
3365
1044
3234
1037
1197
2170
1913
1805
4005
1489
601
6879
2325
1247
1213
8323
6382
3412
1165
1643
12472
1957
3048
908
2293
1656
1250
6729
2659
3102
3569
2543
4289
1545
3965
3184
1590
4581
1338
3194
613
4069
778
719
1009
2321
2108
1161
5031
3610
1725
1558
1817
7363
7932
968
1036
4733
651
1340
1566
3092
1398
2301
5752
2086
2335
6323
3022
3022
4760
3682
3671
22483
1976
2481
4370
3793
4815
11193
3169
9006
5624
4521
20480
8282
2562
3365
5687
16182
59906
2658
20438
11472
12666
11843
2603
4037
9544
4573
7987
10516
1330
8985
2419
1474
3008
4024
966
13112
3117
2320
1194
3117
8465
1212
9325
16824
6471
7325
7049
4069
2800
1717
1307
1468
2333
968
2801
8539
9999
29607
1092
834
1881
1215
12805
1003
12438
1231
1491
6592
2891
1420
1631
6327
2859
3282
21647
1085
5452
2584
2339
1232
2437
4560
2560
2185
2527
3774
1790
13941
5309
3032
3128
2068
5710
10003
5125
13041
2538
6065
4418
3087
5003
12483
2316
6850
6105
3364
1879
4353
4581
16761
666
1830
25807
2922
647
4182
1458
1128
2821
17476
3627
1032
2188
1638
1383
12994
1908
3408
5117
2632
2803
14537
1728
994
4224
1945
6437
2575
1263
911
2468
2837
1310
3458
934
1877
4093
725
3365
3290
1028
2418
9313
2214
2997
13242
1538
1808
1615
4190
5425
1165
9293
1689
4849
2665
2363
1797
8212
2662
3332
2283
10826
2336
3804
2696
23312
5448
12899
575
2292
1665
7910
2869
3720
11571
7461
985
24553
2033
1411
7715
11348
1585
1488
31928
9872
1795
2220
2492
1277
2470
3174
3083
4901
3832
11130
5920
5125
6623
2579
19607
2667
2873
3082
1608
7017
2835
13062
4316
24580
48209
5475
16267
14698
20030
5606
30194
6401
2796
23566
1409
5208
5584
10261
628
18519
6575
2277
1311
3274
9416
8605
1300
1263
2314
5118
97982
7660
88047
45090
7472
2513
1155
3439
9071
1555
531
3999
1096
4800
4892
4675
6472
4713
1551
1224
16597
1425
3897
6824
4127
6016
13741
20196
2774
1758
5201
2097
9679
6144
27990
4999
4469
561
5118
8432
6297
20041
1110
6847
5051
2592
5268
12899
20618
6357
10274
3726
5268
8269
8542
3312
5903
15628
27736
5183
92819
11735
6030
20618
16195
5356
6205
6100
17099
4251
3467
1517
11967
82506
4901
552
4237
8452
5185
15075
2888
5542
1672
6077
1920
3723
1839
17801
1490
2496
6647
6252
536
3956
4032
8165
1920
31318
6013
873
751
709
70192
54168
21970
31295
30535
1192
2154
2374
1161
2704
908
1244
2293
1656
1230
6124
5583
5170
1369
4694
2688
1910
1437
1337
2938
1754
2139
4743
3144
3935
1809
6227
2704
2407
972
11831
4851
6386
1902
3769
7291
2297
2716
16655
1717
4362
9210
3323
3781
7006
12047
3872
7198
1999
7136
26973
5186
4429
19916
6081
2976
4889
56948
1928
1366
1017
4355
3709
1662
8091
4548
1197
849
1628
3790
2701
2396
1800
2900
14483
7021
6385
3646
4738
4261
3109
3982
2041
1106
4032
2447
412
2111
2171
1365
2364
8544
7369
9308
16924
18756
4094
5345
942
1710
835
7247
4403
8666
1693
2480
2502
2890
2131
4401
2518
1341
1025
2162
16450
1025
1461
1008
1396
2444
1862
11122
2132
1244
9161
1396
2947
5060
19525
4157
1217
1358
13679
5752
13679
7446
22800
27535
3203
13278
8003
633
1989
2797
13278
3967
4459
8882
3545
27441
14195
23290
21433
7264
9416
1677
691
7505
1727
5488
2867
2001
13195
6653
1900
5459
2945
5356
1929
6620
11040
9068
10908
2876
2418
10058
7225
1881
1465
7140
2063
28642
1875
5859
33473
3487
2344
10036
4830
4204
14346
3929
12753
2418
21931
1144
7904
9388
18339
4449
7811
4972
2054
15583
11605
1745
1682
1334
918
1719
1300
1336
1777
2067
1195
1327
2875
3923
3184
2682
2377
1261
1964
1886
3476
1333
1246
2620
4259
2176
1536
4419
2365
1350
649
2945
1104
1087
1668
2095
1995
1556
612
7073
3510
1913
2980
643
2345
467
927
1881
3700
1251
1318
2529
2423
3116
1335
1344
1371
1559
2058
5065
1794
1122
2552
3605
2480
2824
1610
1893
548
820
2207
1931
4593
1894
2534
1089
2791
1481
3055
2823
1301
1830
3344
2135
2199
5308
7314
3096
2503
1292
17371
7753
1031
10373
989
2963
16955
2697
2522
4156
6784
1237
5385
34596
3783
16287
3219
6533
1969
2158
5280
3554
3253
1218
2300
2652
1867
4620
1900
2514
2600
3437
2814
2034
3183
1887
6152
1693
13071
3682
2120
1733
1670
2661
3602
2692
6629
5441
2045
5955
3384
1827
1769
2634
2540
2869
2129
2059
3943
3267
2133
3187
3266
6663
2924
7228
6323
28954
11806
6960
9118
1273
18008
6305
15612
2853
2661
2745
20335
5704
13265
4887
11492
13660
14378
826
12452
6647
8158
1975
71415
1220
19897
3098
7520
7007
4158
8849
2017
8325
129
36526
2851
4603
9676
15368
5417
25641
21400
853
18979
8025
4906
2376
2088
5723
7235
1975
5027
166401
1117
26809
4703
2984
15573
6461
5514
13055
34605
5620
7687
27716
5645
2573
18398
6472
9196
48126
5762
6472
2537
19295
1625
3927
17718
4869
2522
5825
41896
9334
1367
7399
5402
1601
14797
91816
2396
11570
3094
2626
36139
61861
51526
45895
57588
53544
30171
43423
42658
29589
40237
39568
66001
21204
49422
88694
50459
51877
85664
23477
98012
23955
41713
72591
48829
77715
90646
57553
43791
69134
43894
27726
38732
45004
17444
32499
25393
27907
60031
31212
26644
33295
40488
50813
20202
59378
116825
23955
55693
29201
30141
33777
38732
18646
45004
23566
20685
37819
40488
14491
20695
37987
61494
46036
60742
44973
36266
74549
38070
30171
80112
48706
46678
47758
86372
79427
49304
53111
42992
86599
72711
46161
40522
27405
45626
59879
50151
29665
45964
55618
35060
38274
51376
54887
86947
29224
78911
41003
54677
72257
24154
48166
32600
46727
50292
30251
42692
51360
50477
93272
29673
30993
41683
23653
37039
43864
21210
78801
78777
64725
47282
48588
36423
23495
57887
63959
90814
87210
28921
39843
38562
25976
31115
23360
23663
27251
22693
28726
23138
22879
25812
23110
27610
29017
29751
40939
54526
82580
26864
41945
45484
33785
33698
30024
66559
61576
31553
50513
87082
46538
34766
34904
35972
86599
98170
45188
42695
56487
33984
77588
72533
32462
69806
45724
52005
37560
77523
48070
52485
65326
94917
66352
46556
78698
50379
36761
57588
105595
30646
58108
27413
54168
57116
68347
36745
48807
81545
47426
116532
24255
75415
41972
20610
43214
36274
37320
82122
32493
29443
128880
90215
61062
63123
37772
22864
68256
34621
20841
164861
179826
104473
29621
50836
126605
139177
63151
72533
33346
78243
37404
66352
63123
86708
20841
52599
80468
48070
65326
61494
46161
29589
54677
32600
27424
137359
23653
23495
70192
54168
21970
11741
23365
15761
61288
15162
13620
27889
21124
17826
25706
18275
47070
24863
27617
26102
20145
34629
18756
27489
19651
23964
55303
33016
35120
24331
20463
16125
11777
31589
14191
9417
23872
13323
7736
15441
19064
25593
17003
17435
57553
23679
14708
25544
6896
29115
82332
16328
29998
12498
15164
15683
16257
10362
13035
26808
15665
16014
32398
19504
23006
25992
13210
10584
32812
15766
15993
13432
12210
15349
7811
12760
10616
20420
16924
17823
10068
21732
14530
24637
19850
18416
57462
15840
24055
55023
26801
25265
11969
23414
11252
33323
10291
12250
10708
22107
10215
9943
12908
17172
18799
16886
16560
10716
15131
18675
22146
11920
13524
19700
11433
17346
14969
17635
10666
10378
17500
17921
21458
8815
17847
21628
17446
15304
10231
23028
29450
19162
30008
26688
13392
11603
11000
10810
11943
10967
14299
12269
22309
17155
12231
10339
43854
11997
41716
11642
45439
33405
29367
13042
26117
50478
29067
5267
3086
13323
9775
16142
4384
6088
1662
1702
6783
1117
2890
4087
18341
22302
3988
2042
19116
3971
1242
1543
27577
1086
762
9940
4690
4938
9478
4880
7794
3820
6928
1767
1857
2070
3562
4508
1432
3066
1266
855
15447
20309
7992
21711
11057
2325
6120
6396
1867
1782
5322
5611
3929
3045
16931
3252
1211
1948
7467
2070
2093
6958
3544
50830
6453
7758
3752
10195
1659
5568
5086
8705
1803
13582
1420
17169
3754
24475
4002
3785
5792
3271
5525
6575
7474
2368
1879
9268
1265
3781
18562
1585
1036
18436
1615
3131
6887
6384
1450
10813
4689
8201
1224
9205
3071
1435
1110
38344
16079
4075
4525
16819
9294
3085
4938
8112
3886
1071
14614
2045
1379
1190
2282
1875
906
495
3402
3955
9596
3382
24825
1166
4763
4615
30019
1505
3885
8390
556
3015
1500
1266
15217
2484
1643
1434
5724
1747
2749
2564
6256
3142
5845
2041
5039
4183
12672
2573
831
2091
5279
6335
4144
1895
1560
8761
751
3354
894
6200
3169
753
1902
5677
9849
924
1453
2886
660
1916
59150
3834
1469
13559
28275
1539
1744
1193
14895
1929
11561
13564
7388
702
2018
1146
3024
2047
6592
2165
1643
1960
1777
1525
2167
1000
6396
18541
2019
3318
138219
5267
12280
1932
2798
13020
55784
1775
1748
3171
17553
1675
3930
1340
1906
1017
933
8827
1727
2394
19532
3385
2383
1254
7147
8259
6290
9929
1761
4140
8771
1756
3239
17085
2629
1055
9068
2680
7590
4355
3320
5294
1003
5738
17531
2230
2363
1058
4090
1000
18931
7654
6784
3378
2990
4330
94917
2576
18007
2831
7404
2280
11005
1231
3043
1177
1119
9166
18197
4095
9257
7321
8980
5474
1250
2077
2121
1409
22200
14595
7696
3643
6971
4437
3397
1190
3062
1359
8153
6576
958
19191
7060
3164
4026
1284
17801
2981
18000
11132
2594
4076
1273
3143
2204
1670
4278
7942
1859
2779
2728
7827
38617
7353
3111
5466
599
3920
1635
9415
1385
1521
1498
4155
1568
3248
9559
2183
2027
21958
896
1495
25696
947
1613
30469
1226
2843
1254
4249
7674
2345
19979
118348
11168
7884
8532
2990
1057
5995
1854
538
1981
655
442
5306
8993
1985
2389
7669
9859
4860
1484
2897
1054
4869
4355
2146
53985
1840
1518
2024
1740
2286
2817
5689
682
3320
5251
5983
1563
14250
1661
1854
3571
5130
3748
4741
2147
17007
2742
2085
3325
1706
23929
655
2320
4694
3523
1368
3724
7414
2244
5415
1493
1909
2115
511
3643
840
2305
1368
3624
19067
1422
1020
2411
497
1414
1965
540
681
7938
6816
1109
1951
3380
1685
10704
438
2373
1388
2788
5561
1740
4496
3634
4284
9958
15815
5043
1870
2545
2303
3860
1260
4390
608
6661
5093
4636
506
2089
4646
422
845
970
1729
7772
1965
1908
2441
4273
3169
3376
440
2374
2312
1927
5599
3025
3320
3654
2037
15526
2339
3191
12510
5205
31014
4998
6386
1003
882
482
1018
782
2886
1746
6347
784
1005
10463
31517
1018
9648
4954
1010
12880
6458
9536
1130
3160
7858
38177
2671
26466
1706
3276
3292
6207
5463
2950
4510
6971
9063
10269
8917
26950
8591
2657
1781
2016
3637
10480
2043
11210
1154
2726
6442
2152
21374
4547
1902
1894
16806
4847
1189
43244
1167
33124
1236
2110
55725
37259
3494
7815
3450
1275
2615
2040
3352
2445
770
11815
2766
2677
2204
1885
3748
3771
1950
984
7259
2658
4209
1984
2067
722
1545
4543
13432
1422
6577
18192
5218
7550
11736
1222
1977
6741
3324
6948
22368
1557
6470
1260
6968
6418
3788
550
4850
1878
413
3287
1673
3407
18812
1219
18564
1864
5930
3521
106723
10565
8812
1693
9042
2853
2368
3214
6870
12455
2722
2090
4087
1713
4945
896
3842
19784
2428
4261
2566
1811
8595
3348
1145
2460
2225
4055
3470
1492
7138
13215
3640
4107
9304
761
4532
5303
1511
2521
1250
1430
1913
723
3847
2851
20444
5939
3545
7296
9572
1200
862
3188
1827
11201
4297
2755
1651
4545
4138
2073
2571
1602
1836
3901
1113
963
4284
772
5896
615
2297
4608
5315
1894
2662
2235
3493
1522
3234
4933
35188
901
5822
6345
2975
10787
3571
9914
2281
1566
2942
4989
1858
7812
3481
449
2377
2958
10281
15823
10283
5820
18332
2412
3482
36745
955
1470
1465
3552
1563
4353
2179
3634
3282
1787
28953
2625
2366
2406
7606
19771
3304
2400
1607
407
2914
7949
11994
19991
3864
4426
6178
1932
4199
1847
3653
2423
1434
10705
1130
2591
2239
2313
2873
9433
3217
2571
2437
1226
6783
3195
4261
3996
3495
3454
1528
1911
4258
2816
5915
2051
1286
12002
1316
3793
2132
7700
14027
8377
5908
1303
34923
1229
7723
4697
2438
2684
2804
3354
4994
1288
2117
1991
2827
998
3083
3234
5655
3358
1735
4447
7243
5286
14800
6136
2069
7296
1446
1198
618
4580
1004
1583
1749
1381
4852
3408
2534
1437
4461
3242
968
4712
1370
2579
851
4668
1470
3907
4598
343
8458
20309
6256
7116
9904
11630
4002
1392
7202
2879
15612
4077
4989
2715
4775
34358
25732
3566
1307
2290
3623
18436
1635
6010
23208
2239
1747
5446
2420
15612
13151
2167
1932
1483
1653
8537
1856
8198
19292
1198
3971
2466
1176
1781
1746
2185
1212
5843
1490
991
6444
2261
2067
2546
2994
475
957
855
9397
646
1912
7395
6856
734
23208
941
2090
13540
952
15159
1428
2621
70794
1041
15666
807
5145
1962
4867
825
11176
1193
2651
2921
1951
11805
7884
2222
9196
2728
100502
4120
5368
63847
8495
2846
699
15526
9081
5125
18072
4778
2973
2511
7726
5632
5046
4592
8090
3816
5118
2429
3433
5609
1473
2303
12818
1675
10258
6744
8549
4792
3354
4267
3465
4336
5096
1362
7687
1457
1931
2773
6191
4232
3969
998
2539
24706
48128
4142
2869
18056
1561
2723
1294
1418
5546
4632
17244
2451
1574
1380
3827
3702
6573
2334
4976
11472
2678
39885
37389
6384
3758
5760
9008
3154
4427
10497
1591
4821
2175
7430
34629
3496
6190
3059
12899
2024
1665
2399
6498
13545
2133
1665
1292
9300
1824
4548
2647
2221
5530
10199
1189
4166
5407
4246
1643
1044
2760
7638
2486
562
1414
8591
5059
1775
2150
1282
2223
2035
4967
11348
3109
9760
6274
7689
2414
16174
33722
2578
1994
2312
4779
3178
6404
3586
3009
2668
6985
6336
2875
1598
3909
5424
17437
2851
2014
13627
6740
18235
3064
4137
1045
4540
3260
6173
4973
4248
1755
16014
2581
2472
3888
5747
11272
4029
1762
3172
2232
1997
2657
4356
12537
2384
1565
4753
2644
1500
774
1164
3527
3062
1880
2801
3579
1446
469
846
1252
3203
4061
6132
1042
1138
1583
3173
3524
1043
1960
733
1657
1241
3432
2920
3775
780
1608
26137
2579
1871
931
1808
877
1985
3079
1164
2344
1186
1945
1231
1861
1515
1756
1835
1045
2562
1354
3719
1974
2644
665
412
2585
2310
2978
2544
2458
2681
707
947
2320
1927
3854
3223
1846
3923
2682
1964
3084
1193
1946
3510
1881
3700
2823
9633
3344
1637
2468
1310
3458
2283
1839
4167
3185
2046
1548
639
3121
988
927
1768
908
913
1804
853
993
491
787
2225
3856
1467
7523
4400
1646
812
678
688
899
1234
1870
568
1130
735
1947
639
1244
763
2240
900
964
1688
2112
566
2737
1914
1556
1777
1126
1418
1265
2157
613
2804
2158
543
1775
2105
1951
1762
1954
246
2801
4640
2484
4612
3214
3306
4576
4487
3325
3326
3854
1037
1270
2811
635
1459
1773
2229
3094
1326
2239
3455
1069
1786
1467
4215
6708
848
2178
2748
2736
1713
954
4427
2860
941
2293
846
2272
2055
1510
1119
1835
2224
2174
639
2304
2065
2625
1706
3753
1120
406
685
6593
2768
1366
515
1307
760
1858
7835
1712
1740
1092
2201
648
2828
1077
1875
1527
1726
2069
2034
861
412
859
1053
976
2308
1249
1407
1612
524
1521
843
2735
1412
21799
3085
1395
2500
4202
3320
3397
2766
4257
1674
602
3424
1643
2669
788
1201
1539
453
3018
1843
811
2165
765
2010
981
2280
1440
3303
3667
1676
1034
1072
2377
387
1882
1825
4233
769
1984
626
2493
1303
1140
1940
4601
1885
2798
882
1771
1078
690
1385
2377
1856
3190
884
699
943
546
1578
1596
2239
2421
3594
1929
2593
715
3428
3372
1654
3383
767
2587
1380
1243
2901
970
7266
719
2378
2724
3657
3967
1273
1688
991
950
967
1807
1810
994
1502
1231
2515
1496
2259
1468
606
732
1422
939
3453
1642
3277
1615
1691
2135
896
1758
1100
1611
2063
1276
12246
1435
1022
2176
2604
1458
2145
948
504
7399
2203
5579
2672
3665
2555
1709
2110
720
1204
1951
1982
1008
1286
4694
847
2239
3007
2256
2324
2645
601
1889
1045
2039
2174
2266
1578
944
1820
1242
3895
9125
1168
1700
1212
1805
3224
1101
1752
613
3941
2215
6938
1205
718
1738
1240
511
1614
1213
4646
1087
1248
2062
5885
1610
4265
594
1114
6561
3323
2331
1597
2531
1820
3506
3401
3500
1522
2561
3740
2326
2472
10724
2955
1132
363
5017
1367
1990
1487
4349
1297
1123
1723
2010
1269
1811
636
3527
1318
1297
2072
1476
7541
2078
2405
1316
2656
4615
731
1434
2410
886
3122
2007
1334
3804
5194
1180
1229
3924
2330
1292
2531
1534
772
1981
1269
2926
1060
4777
12215
2088
1710
1606
1845
2998
8544
971
663
3715
1545
1685
890
832
5124
3693
1591
12826
2481
55760
1076
980
1025
1161
3256
13320
8967
13365
2658
3743
3486
5185
7267
4506
1092
5480
7838
1214
12777
4227
3694
2844
1407
14611
6945
7770
9840
11231
6553
15821
12476
8513
3682
4795
3769
3530
5737
19533
8436
5896
18664
15748
15890
4760
8622
7645
2902
7473
3033
4763
4699
5946
2128
19592
1896
4411
1549
7876
2135
4598
5100
2650
7803
4986
13983
3761
472
6263
2741
2290
9556
1526
13886
581
1518
931
2555
5310
3746
2264
5431
7989
4061
2725
9594
5912
2399
1901
3404
3757
3425
3177
9397
3247
1645
3724
1369
2039
1775
2696
1638
3832
11130
2364
27562
26929
2368
3850
2530
739
3767
10990
1975
2777
15555
723
2975
2646
1250
4764
2639
2680
19070
3344
1517
2923
3920
5055
2186
3724
1302
2457
1735
6437
6169
720
14795
2455
10263
1610
4016
2550
4653
8561
3862
1292
593
4668
4061
2981
7313
3336
7469
4088
1687
1630
7294
2662
5988
39226
3087
1445
1823
7780
2342
2921
6527
15992
20565
13295
26826
1170
2592
1878
7417
2515
2112
14774
8579
6856
7264
6124
8344
5955
3122
6769
1850
2653
5987
9966
6872
1499
9517
616
4508
1239
3267
3191
19292
2460
1913
1254
3253
49215
4738
5953
4771
1894
4970
1729
2349
4576
1223
3967
1259
9299
2702
1979
2591
492
1072
1994
1607
3432
3909
5061
4582
1199
2727
4067
23064
11451
2448
1572
9417
1726
6889
3521
3047
2351
1545
12773
4317
1698
5677
4887
4564
15360
723
1028
1722
987
1544
1134
2868
10992
3117
7689
1753
7341
3690
8224
4824
27796
14071
7446
18779
2035
25035
5423
3026
2843
7468
2560
3203
15335
15555
2038
7382
4304
6785
3110
3942
5998
14088
6299
2567
10722
5860
10833
4094
15356
4144
962
11245
4901
20395
3543
11670
2401
7669
2087
31932
3460
2939
4987
7711
115253
4993
979
4319
5219
1829
1848
8810
1072
933
1526
4387
7995
17339
3788
21886
5797
25370
3784
35287
4698
3453
3265
2625
1744
803
8924
12839
3999
2798
3229
4260
4241
2727
4115
2900
2720
1390
11203
19722
10805
1676
1088
2208
5792
4075
1957
1571
1432
710
2326
3694
6693
1266
3731
7970
3466
5715
5672
3292
6207
1123
1645
37259
3828
7994
4030
5465
982
1048
9660
1353
8860
8776
5138
3171
2418
6212
2628
1444
7309
1961
2397
1091
1939
973
5611
978
2033
7898
2826
16336
65326
7081
5480
4594
2070
2194
713
1596
2678
7116
8475
1560
11057
983
11683
2972
10518
1867
1484
3050
2629
8554
6396
1211
5363
40744
24870
1022
1198
5721
18541
6688
8992
4851
22200
1420
2739
6384
4521
26466
6636
14595
1343
3430
2441
3191
2460
8403
1913
3354
3769
4219
27639
3806
1254
2297
10269
4040
3304
4355
2070
9369
7051
3720
2694
11571
941
7461
4539
6205
4061
7185
10512
2981
1645
5622
3724
2814
985
1353
7313
24553
2033
3201
4088
1859
1948
2165
6818
2604
21264
3569
16336
5671
1937
1305
4490
6195
2705
743
1375
3559
1821
10057
5570
1227
739
2832
18126
2340
1538
7857
4472
1101
2377
2701
4831
2714
1807
1395
941
1525
1232
1012
3748
2560
3478
3425
3177
9397
4452
3247
5832
930
2826
1360
3367
5655
1086
956
1410
1979
4139
7135
1709
1332
725
1369
2466
8911
2362
10308
1809
5202
1657
3650
1862
954
1707
5097
1508
2454
866
1405
5154
2326
3053
3073
2044
1140
1123
2760
1411
2604
2048
819
3027
7068
1193
1833
7744
1746
3336
992
1966
3146
1136
1671
1073
1296
5291
2687
1066
1671
966
3324
3388
1040
1674
3183
1320
2363
1338
776
2025
1651
2224
1352
882
1390
1195
2560
3478
2185
8764
9397
5580
5832
930
2826
5068
4158
2715
10255
1016
2898
6107
3572
3413
1465
2808
827
809
2587
6191
6989
3782
4629
1492
2331
2113
3944
4536
7300
17433
2507
4834
5201
11118
530
4158
2944
8767
7965
4404
2664
1707
2901
8293
6817
4510
2910
7970
55725
1164
1544
2584
6817
17155
15368
8503
2397
1091
10567
2999
755
1727
5656
748
690
472
1777
682
5497
3495
2392
2113
3883
6207
55725
37259
612
33666
3358
1287
9628
14549
2334
10327
9116
999
829
1493
10531
998
4051
2220
11272
10276
2161
3621
6872
2716
1089
1017
1982
2541
4503
25470
6022
10030
7260
63847
2503
4336
2500
3031
3477
4946
927
5453
809
7420
3496
5754
4810
2587
23455
4051
842
4744
3237
3221
6778
4176
5170
2780
6794
581
817
2809
4961
3905
4886
3022
6257
4420
7458
1998
8082
6853
1241
5508
7611
5866
1672
2304
2114
2850
1889
7292
3125
1073
2052
2069
1542
5803
2334
5852
15509
1570
5053
3351
1672
2117
2347
5638
2301
4526
4351
1376
2466
1159
1335
13304
2756
15003
4452
779
1617
1646
5645
18398
6472
18525
2194
1566
1642
5329
86288
1685
2553
1954
3446
2149
8205
1605
1633
1969
5771
1547
20571
5803
27546
2838
1355
2419
8975
2709
17439
833
7368
2908
1732
1993
2028
3521
3078
2749
7304
1178
4679
4108
18756
6178
3750
2233
1614
6971
11542
3758
6393
2457
34488
19764
24863
19827
37828
2119
16107
10377
16237
3009
2228
9524
12568
11168
3820
9997
2080
3544
6909
4521
4249
9355
3305
2320
8765
9528
4672
5316
738
5670
7056
5483
2415
2843
3874
19673
41381
7341
34882
13971
7121
23455
2154
4718
11052
1017
3314
9622
4090
6856
2586
1487
5146
3920
1648
1349
5656
26466
2753
2742
18637
22125
3428
3915
6995
16756
9155
3399
2271
1820
2441
772
4137
2157
7209
15526
31014
9256
3273
9536
3160
12956
8591
5059
2726
2478
5324
4677
11921
3771
4156
2432
5930
9336
3722
31305
896
2566
57116
3901
4042
1030
6854
3552
10103
1944
5915
3835
4306
4303
3946
2970
2484
4582
4612
4824
3247
4624
2350
34629
7888
14533
5627
4619
2828
2387
5730
2624
6910
1770
1652
1392
4138
5799
3022
5138
12355
2658
24712
9388
1983
6981
12925
2018
3871
1637
2743
2336
3130
3698
6328
1935
1005
19802
10138
18688
1648
6343
14025
39447
3418
3694
10908
11603
2127
3527
3207
7716
8410
7780
8569
2011
5682
1420
1283
2364
3971
4802
1413
32354
4822
8653
2577
1134
3255
3632
5885
11325
3117
4206
1421
1103
10340
949
1023
1237
5806
42721
1508
3045
12391
9734
7096
5267
6489
1099
15237
8299
636
4941
5053
6715
14098
25834
7863
4883
1585
6477
27325
2980
1693
2335
3572
3520
1365
3110
3328
2292
2869
7550
2180
2771
3422
1318
7523
8836
1097
2272
1450
3297
5087
1545
3059
9840
6752
2831
8989
3955
3155
1545
2961
1729
3057
23904
6241
8689
5379
1585
3014
2972
1731
3860
9727
2831
4229
1968
11627
2728
9536
11399
3190
2996
10791
15010
1573
3212
2734
1633
6475
1761
2702
3837
2509
3227
11311
3047
16817
6374
1730
1549
2602
6050
15416
2955
10981
7121
3830
4129
2112
3392
9541
1583
1848
1528
1255
4534
2696
1995
1741
490
3092
974
1847
1951
1249
3196
1210
5068
3241
2867
1488
1308
1926
2619
478
1715
2076
1319
3245
3087
612
2390
1233
1911
1123
593
1058
906
2062
4317
2510
1037
1732
2117
1961
746
2259
1876
1629
807
2046
6451
2811
2861
3032
1105
1355
958
1699
3364
1571
1972
1828
1390
617
2168
1451
1241
1849
1286
3347
1740
826
1422
2769
1348
1866
1077
2036
1507
750
1840
1437
1840
1083
1971
3094
918
1777
1419
1995
9473
2102
1830
1232
19070
1665
2662
1263
979
542
1544
2282
1161
618
948
1794
1928
510
1859
1667
1390
1698
2362
1128
1885
606
896
3031
720
2449
711
1036
1156
1170
1265
813
2090
826
1092
660
1031
1612
1497
2419
1764
774
2133
1244
1468
925
1234
546
535
4980
1188
1082
569
1295
1147
996
673
1108
827
1760
1463
410
1999
3306
2044
822
561
3379
4303
4582
3465
4082
3310
10013
11620
1278
10059
2483
762
508
3250
1763
25241
1481
1759
2230
2059
1321
3557
2760
2417
1158
701
2597
1153
1979
1354
4483
1430
3440
1839
1134
2691
1469
701
1025
2019
998
513
1170
1616
1295
2121
1533
1510
943
1183
1591
2053
1672
1910
3660
2396
1896
2242
2433
3583
2195
2744
1265
1949
2054
2226
744
365
1774
3814
1602
982
2260
1807
4317
2286
3151
849
1365
863
1601
3594
6223
1475
507
2012
1406
2615
760
1181
2215
1091
1490
4112
2812
1009
1230
660
2014
3529
3468
3564
708
1369
2798
1383
985
925
569
1414
2032
4991
1221
733
4071
1053
922
1072
4068
563
1638
694
5082
1286
3665
3787
2813
1512
807
422
1153
775
1648
2452
1741
938
582
1009
1330
937
1347
975
2396
1859
798
1812
2396
4108
1391
1275
2675
3786
1957
2137
535
2289
2275
2141
765
1598
1751
1252
2483
823
2630
942
1374
2235
1097
769
1903
2609
952
9717
1022
2035
2061
2100
4098
3737
825
2107
1876
685
6814
4712
1117
2268
1065
2028
2981
1570
2830
3009
1364
1842
14824
1277
2441
512
4177
2048
1048
2195
780
1443
692
1920
1188
1946
984
697
1120
2841
1968
10111
3169
2586
829
5650
1281
1449
1415
1290
1603
2341
2960
1101
2350
1698
2906
2535
574
2626
2151
1896
1160
8372
9247
3357
5891
537
5084
2555
1808
671
920
1585
3387
3906
3426
5786
3194
1207
1419
1822
4377
7560
544
1422
2394
3292
2972
933
3918
3970
1363
1207
1051
2938
3833
4017
2284
2133
1828
1188
2924
3755
2986
3896
1244
1230
7480
2851
4352
2943
1200
1391
2596
1887
4382
2694
3262
3413
1877
4883
755
1807
1092
1715
1594
1778
2128
1814
2949
4517
4508
2298
4129
2147
5127
7294
2351
6898
2872
5543
59906
10449
5317
1613
1471
1365
10659
6266
34621
6551
7461
11701
9802
1248
4803
11054
12767
1302
5491
3290
30491
22928
5431
24505
6012
4344
5161
6943
1198
1764
808
2427
1200
11377
17339
3566
24489
7995
4177
2165
2397
7282
3398
9358
7397
2351
4500
5538
11789
1864
866
8544
15669
4297
4407
15963
53647
9313
3031
1508
4336
2094
25758
4182
5607
4196
8605
19474
5126
2468
4542
2973
29074
3673
552
2549
5185
2862
2195
4656
6002
25641
3872
1837
626
2259
4020
2537
761
1431
12074
2217
816
3288
1009
1157
5759
3859
2376
4430
7617
3119
3748
1701
1755
824
4101
8875
1066
3443
3778
3543
2859
1630
444
3724
2403
1436
18056
13365
7935
9544
1618
1685
6951
1250
3629
3219
1343
823
3797
4218
4656
2401
2234
965
13398
1626
2399
4371
4355
2070
3971
3724
1672
7231
4169
2872
911
4145
2696
2316
3364
2597
2769
5396
8275
15864
7474
2774
15155
11875
8382
5411
2872
12355
2054
35714
24979
5878
3062
5455
4798
792
7122
4177
2576
6384
6636
6501
1889
2527
3052
1506
950
17606
9826
8719
2469
988
4187
2989
1152
3870
1965
3862
1990
941
14726
3285
2633
2111
4544
6158
6704
5209
1849
7947
1906
1000
6929
2153
4156
2047
3066
1664
16588
3646
20420
5898
6228
4351
2318
655
2423
4462
965
4138
10992
2132
11658
1214
847
9565
2165
4065
1406
2621
2917
1454
2542
1334
43997
9153
20493
4271
19057
7843
2220
11399
1933
4530
20590
7629
21172
18011
4526
2232
10465
5571
4806
7259
1514
5457
4246
1396
4438
15585
13556
27641
16616
3171
5180
3030
8504
1074
2375
17971
1459
892
1063
12692
3669
5801
1602
1285
6281
1187
6155
4675
3673
3619
5611
2077
1069
1922
2983
1895
16336
701
2424
22044
5997
2885
17254
5934
6608
2354
40905
3915
16846
6602
78958
11012
16531
5306
13434
5629
21464
7774
32369
32424
43553
1785
8265
3137
2937
3498
3250
3273
7806
3772
8346
22245
4270
1925
11361
951
18198
5427
8538
4326
3297
2665
27186
45761
10915
5191
3050
3572
3413
39885
13492
1499
22633
3592
621
2615
4990
2965
2148
2160
2770
1877
3056
1814
4232
4446
3992
27252
3608
16355
2339
16081
248
2143
2283
2437
3757
16081
16527
7838
7304
3930
8955
3297
3428
3767
2455
9401
7935
3396
4885
2530
2437
64239
4336
673
27489
1372
3757
9205
7586
10030
3822
11399
4206
735
14825
9391
1629
779
9488
14533
4558
5087
10276
13299
15505
1545
12400
32101
1959
18637
10288
31014
6336
1209
4102
1369
3582
9983
762
6050
9302
1931
2150
21463
14225
15416
6904
4988
9797
2149
990
12544
5962
25472
6374
10199
2659
11405
10463
1550
6542
8458
9839
23955
4792
2780
1679
1066
3955
11399
2286
5431
6296
7325
2234
965
575
1545
1163
1292
4526
2839
3167
13398
13085
1626
3065
5636
2314
3109
1548
1796
1544
3095
1583
1444
7910
3676
4371
1521
3233
3196
3520
2605
8458
18056
979
2165
4668
5202
936
1692
801
4132
10603
2871
14191
8205
7813
1830
3520
1633
11621
5383
2149
3588
1959
1967
1253
2177
3635
1959
8521
3123
27867
7576
25993
5282
13400
10992
2746
20083
7008
2838
2890
2525
1796
1051
1986
3208
2097
9792
10683
1893
5520
21463
8126
1731
32223
1136
1772
7368
5608
1073
1879
3185
1363
4568
409
2255
2283
1686
1228
5376
3728
1710
3955
6669
9391
4940
1591
1921
4541
10125
6336
1665
3593
9797
5127
6778
4176
3853
739
9716
2130
5778
4687
8557
4468
3054
27867
829
34882
1131
2012
3237
6224
7965
2116
4105
7288
1562
7121
9665
1827
1143
1108
1641
1102
4986
680
5146
3433
18637
31014
12880
42603
2726
2478
5324
8549
4206
735
792
14533
2980
3328
1163
2292
27867
6089
2652
1479
1796
9983
1251
1521
1771
2587
2133
3520
2180
4294
1094
749
10831
1585
32101
16557
4658
1110
2641
599
2674
4784
3720
6521
5895
10679
1063
4185
1402
2231
2872
3719
5579
15335
6840
2797
16038
16669
2661
852
3142
9765
2165
1905
4355
3320
1915
892
5261
5448
1744
30002
750
1550
2282
906
2590
13976
14577
3770
6542
509
2324
5065
2665
11060
5494
1360
3941
3354
904
1880
2698
7813
3366
874
4784
4976
777
2676
3575
1743
61576
1242
27384
3538
61062
13797
1506
12979
31553
43555
16141
23551
31788
16312
5603
3935
10202
9193
2747
12219
12765
1575
2652
3924
4650
3698
9488
8668
2128
1702
3016
10522
14411
3056
4339
3939
13881
32101
8694
8930
1889
1907
1441
36163
27867
936
8697
20906
1967
5112
2054
5793
10960
3692
4854
3785
15374
16463
22705
14129
8000
6060
2658
11613
3932
2319
2550
6187
18264
6741
31014
1791
8567
4071
1986
8377
982
9000
4054
2838
9516
1669
3120
6066
3034
1486
1893
2705
3570
2890
983
1096
10270
1966
3286
14679
1942
2300
3028
13007
2024
2617
1771
7265
3840
3496
6141
2664
4402
6931
694
2616
11166
2206
5262
2404
27896
14195
1960
3363
3877
2069
2283
2979
7696
3783
2484
2891
3314
950
856
1150
1486
720
905
2366
3253
2169
2881
5745
1990
963
3559
2872
6896
3076
1474
3233
593
625
1326
1935
1001
1711
1548
3020
773
1522
747
833
1512
1312
5491
818
809
1896
1365
3572
2723
476
1877
2621
6322
2067
1041
545
2848
315
3755
2811
846
975
1508
1996
1300
2627
749
1466
2677
2463
2597
1062
2036
1221
2155
3436
2215
2986
1568
2260
1347
4934
2371
3476
2018
2401
1318
1344
1931
1381
2255
2899
2024
4067
1630
2551
934
1877
1795
867
1981
1993
1928
1195
6735
1355
815
1428
2270
1119
630
484
3095
740
3128
1804
735
1768
464
880
1129
3801
646
2261
1225
1625
718
2204
1640
3997
782
879
770
1381
2315
1024
900
1130
3865
785
1435
1255
872
1308
1420
1627
833
3301
931
2994
843
2023
920
2987
396
1749
987
1412
1067
663
3230
1464
2171
520
852
1185
2509
1236
4267
5340
2350
1849
2012
2898
2488
3157
11701
3198
1074
1069
1616
1602
2210
17433
3115
5992
2987
2574
1445
1484
464
1993
1829
3047
3362
1603
1152
695
2197
2726
820
1386
852
2657
2308
868
1760
1105
589
697
1900
1492
1254
1784
1115
1426
902
737
1503
1984
1463
1622
1812
1402
1579
2913
3356
1980
1999
3328
2200
2894
3246
4158
2700
2858
2448
2306
3681
1547
2927
1773
4885
4162
1492
692
4696
3916
1342
2292
377
922
737
855
1454
2947
533
3806
3830
5576
2261
766
13462
905
3514
1307
2909
2238
933
1190
966
3524
3709
4441
1357
1005
2326
3402
2830
509
2379
1441
3682
1360
1288
3482
3125
896
1531
866
2095
1603
1988
3045
860
2191
2006
1850
2542
1895
2967
1292
768
4858
948
3912
3036
1640
2512
1755
2598
2447
2519
622
1071
4824
1933
2174
3068
1076
1612
5670
3418
2153
2018
2845
2678
961
1341
1451
680
3695
1993
1205
2593
852
544
956
801
752
1232
774
1854
5750
1567
1750
989
696
4228
2125
1003
1339
2527
2188
3350
922
3485
4548
2869
2148
1261
1047
1028
1725
1174
1376
1064
1188
1226
1775
949
1186
1077
747
3102
704
5666
1455
1176
881
1775
3249
652
1848
3559
1723
1054
1578
8595
2014
1360
5074
958
11005
1316
1641
2671
1447
1217
3308
3604
834
3029
734
1195
1482
1189
3222
5999
811
2372
706
2911
2074
2738
3608
1145
1145
1578
2749
1601
3540
1501
1610
2209
1770
1036
3725
2382
1382
859
1383
1185
1265
926
1526
2831
2750
2012
945
1401
440
7462
1188
2197
7718
2025
1838
2749
6533
1359
2734
5412
5135
2271
6572
2204
4875
967
775
377
1007
1040
974
887
3577
6894
4319
5228
2225
2931
2293
12963
498
911
2513
6593
1700
1479
1907
2425
1082
1491
1399
1228
4217
10020
2067
1628
7483
734
832
1523
1299
451
1036
2595
652
1947
3730
3961
1423
2021
1524
2575
1991
4162
4516
934
868
1874
1996
1548
2727
1259
9234
2121
1562
2741
7857
1810
1604
3912
1062
1379
1654
2374
1161
5070
4674
1977
1928
2518
2680
1970
565
1204
3886
4451
643
1860
7715
1431
4233
1257
3662
1452
1900
7363
3059
23421
5101
2820
5373
3290
35897
14444
48404
8329
7771
7171
1047
6129
12770
12826
50824
3022
20746
9328
12030
14017
7210
13365
3361
2962
1284
2909
2336
5161
1883
3276
4270
9537
3545
4387
6604
505
6079
1281
706
2399
2045
15400
4480
736
6107
2283
930
4065
5355
1262
3806
12529
1732
2894
4537
1448
1515
1943
7173
1992
4743
3981
1834
2551
2283
1380
2027
25981
1778
5999
2336
5856
15783
11399
2024
1922
3233
2180
6205
2422
1783
3205
3467
2719
3723
10382
3719
3091
9119
841
1205
7221
4808
17950
1355
2401
27641
3573
22200
4582
1351
6979
4550
22200
1420
26466
4416
2631
2602
2777
12682
3335
4274
8474
1241
1481
12384
4070
22726
1504
11996
7020
2530
2268
19598
524
1568
6706
1225
2172
1142
7165
5972
13432
9650
1331
4136
3311
4013
2421
3083
3772
4562
2056
4785
19742
6915
2575
6259
10227
1239
15878
12700
8343
4359
1239
4643
6856
7080
16425
5031
4352
16482
3800
6308
5151
23520
4467
5643
15573
30429
5762
80982
1701
6741
2996
982
1732
1931
1505
8309
6193
5127
10012
1992
5328
3436
7288
2804
2962
2625
2844
6155
2843
3233
7614
4416
2690
2196
2484
4940
2600
1043
4541
12880
5530
1276
2578
2620
3185
3344
7072
7614
2908
27156
1981
4242
4025
1926
2561
3365
9656
3482
2130
8314
3053
5681
1702
5653
2281
3473
9859
2163
19242
2187
1927
3718
1132
7059
1177
1611
2871
2708
5715
2563
1911
4161
2909
4484
1025
812
5428
1636
3128
2819
2673
10846
3043
2467
2108
2458
3312
2760
1597
5136
2624
10671
3736
1548
5643
1142
18087
8526
6652
4156
2082
1941
5223
14046
8350
2530
1942
1760
10591
1545
21463
1763
5182
1063
3536
2340
4478
3868
1108
10199
2659
1189
2899
2549
2825
14225
877
5774
1594
7770
9008
3277
3309
7056
3471
3388
3566
2344
1483
2209
5859
2175
1333
11392
27447
3763
1879
2432
15989
2318
1949
5442
1660
13627
4132
1806
8342
6476
3335
2935
33970
1703
3346
10119
9094
13412
3434
2639
1904
9164
1922
3750
9594
1714
2426
3157
9036
2575
1864
15578
4898
3929
5637
782
633
2038
1065
1775
2437
1793
2845
1805
1114
1030
846
991
922
1371
3337
889
1399
2469
1250
2304
965
1455
1065
2769
653
575
1475
1526
4454
1650
1040
4218
3193
1193
4068
2701
563
3231
1611
1842
1720
510
2003
10150
651
2395
423
2197
1017
1292
1561
1544
3958
13365
3493
4453
2621
1221
1673
2444
1551
1061
725
2599
1506
755
1124
1855
1783
1360
1406
1717
1207
1806
2178
2780
1866
1571
3971
1449
2119
1409
1063
1467
1738
3400
1197
1820
1638
2772
1820
1611
842
2121
2277
1757
7525
4300
1266
1010
5054
1922
1998
18264
1297
1461
1868
2314
620
1830
2217
2793
2007
1062
1479
1369
1918
1332
2869
1821
676
1334
1525
1153
984
2059
921
3482
2027
1930
1994
1330
2452
2160
949
441
1209
1813
2818
770
2827
1278
2097
6904
2734
1259
3000
4446
2997
1095
2276
1035
1581
2853
1861
1924
2101
1763
2550
2134
1407
875
1947
1475
1952
1169
2193
1419
853
2831
1104
1794
3055
2470
2133
1161
2492
4020
1714
1385
1431
4352
2357
820
1198
5428
3014
900
1194
1006
1858
1707
2114
1519
1686
1303
1343
1811
1082
694
2058
1607
2691
1161
643
721
1579
708
2040
392
3009
1641
1607
576
778
9727
2648
1091
1639
4822
2413
861
1462
1682
1663
1770
2074
1834
1719
357
1416
1066
674
2499
1264
1442
2176
2785
1593
1713
6869
3308
3135
1761
4181
2936
3775
1849
664
2278
1020
1057
2633
2125
1021
554
2920
2385
902
4406
1755
1593
4766
2377
2455
2643
1306
1190
613
1129
957
3247
1219
1193
2137
2528
3037
2332
1244
1531
1657
1272
746
1948
1177
951
2261
1000
2702
1318
2504
649
2683
1533
1032
1124
2342
1005
3590
1401
1148
1017
4684
2088
1551
2886
1185
1001
786
1001
748
902
1061
1212
373
1668
1151
1054
2183
3367
2561
2533
981
866
7340
754
1148
1093
960
1034
2622
2331
1913
3297
1662
1156
626
1870
1565
1389
1446
3087
2401
2485
599
862
1045
1410
775
1853
1403
5124
2020
2437
2014
6388
1525
3313
2371
1972
1062
4392
1490
2534
3056
3419
1507
1082
847
1823
775
11966
1754
3870
800
2838
473
3361
2369
3802
1535
1035
1330
7363
2510
3026
1835
1595
4461
5056
860
1267
2203
7183
4976
7705
778
1040
1756
593
678
4533
1594
1145
2998
3030
677
3312
1773
1735
3656
4279
1045
11845
1508
1321
1863
4552
1657
477
3192
1536
1946
2115
517
6166
504
1621
3892
1114
2986
1527
2328
1150
1706
2167
5087
19764
2782
1817
2423
2090
1302
997
5514
1028
3890
6114
2343
4082
6909
6360
6211
5522
7200
1734
1857
725
1028
1207
2296
3906
12700
3254
2009
1429
4206
817
1492
3440
2967
1012
2087
5742
1515
12446
3026
14865
7891
9887
5991
5005
4418
3344
3871
3549
1744
2579
1621
7218
1708
9772
3102
1510
1232
2730
6107
2662
4037
94971
2126
2048
2912
1646
2528
3133
3708
1545
4316
3520
2165
3304
35955
1828
2487
3874
3049
2178
6105
6114
6860
10063
2154
9259
2337
4884
17377
1076
5586
4805
21433
5144
1389
84642
1220
4114
2410
1309
3380
2578
2526
9006
5898
1840
2526
7291
14595
1198
37993
4200
10005
6148
1542
1551
10908
3342
15293
3537
52994
9323
32682
9645
18505
4836
5692
3155
3971
3991
2092
3078
1548
21970
1996
1945
34384
2000
1783
2948
8843
19496
12628
2315
1877
2842
5995
4608
6134
3115
520
1751
6169
2148
12963
4171
11244
13461
21475
4784
10204
3604
5340
30558
11267
15038
41167
13999
4324
51627
4787
1165
3869
13068
3415
4711
2514
15945
15313
2908
3309
5916
29944
7138
2941
2661
674
2814
950
3217
4402
1223
1870
1604
520
1007
1790
661
645
1847
3281
4538
2128
1724
2519
1892
5527
1284
162
822
2496
990
1342
8427
1228
1841
3232
1832
871
1941
2764
1727
774
1136
1847
1735
3176
5249
345
530
2167
2605
776
1383
2208
566
746
2706
2942
2003
2434
2478
1009
2139
656
1500
3591
1176
4153
1744
782
2425
1165
923
929
1365
1895
678
4433
1840
2021
390
653
2780
1709
459
3199
1563
2169
2797
1762
2470
2788
1965
4258
1811
5958
1227
3619
2435
3825
2864
1025
1854
1368
715
1873
727
2426
1276
1528
951
1189
717
1393
1956
1401
919
3075
3157
1633
920
1642
2791
2648
2278
901
3314
2392
1046
881
1786
2997
672
1991
4789
1635
1666
2008
858
2735
2164
3797
893
2345
1640
1395
974
3101
719
1426
1762
1533
2561
2449
5055
3111
928
2804
2020
3933
1594
1982
960
1369
1228
905
1360
934
1313
480
1019
930
1077
1791
3232
1975
3971
6097
816
2114
1252
2479
2230
678
2850
1171
1089
2344
806
1574
2170
986
463
1386
798
1218
2044
1569
1793
1877
2565
2613
752
2817
3229
1717
3508
718
5432
2192
1547
2139
902
2444
1852
3325
5888
2019
1915
1355
2536
3169
6055
1624
1277
4057
1245
2546
3096
2101
2704
1243
607
1439
1027
2191
2334
1157
2360
385
2724
2253
1334
1719
1300
1336
1195
1327
2875
2377
1261
1333
669
1246
2620
2176
1536
2365
1350
649
2945
1087
1668
612
7073
1913
2980
643
1211
2345
467
927
2543
2423
3116
1335
1371
2058
5065
1122
2628
1821
3605
1843
2824
1610
1893
548
820
2207
2534
1301
2135
2199
4040
1515
3443
2730
1297
4471
1834
3604
1778
1945
2575
2265
444
559
742
725
1550
2197
1290
4303
605
836
3090
1281
1765
1918
757
2832
641
3360
1194
946
1709
1220
1562
1435
2213
1986
4402
1296
839
1318
911
2830
831
1215
2020
870
2141
1232
3340
700
1686
689
4754
852
2674
2614
3570
11709
3942
2471
3104
2282
2082
1738
646
1304
2123
1973
1354
1725
1878
1247
1674
1114
2096
1973
1067
1584
1544
2089
2791
4046
2737
1356
5512
1570
8112
4999
1801
770
3010
1713
1643
1976
2810
2970
3040
1514
1248
2834
3650
3982
1004
2858
530
1000
1178
1604
1486
13020
2194
2038
3510
1060
1446
1257
1330
4225
1583
2701
1044
3288
556
3714
2062
1412
1548
23175
793
1596
1169
1820
2475
4573
3276
657
349
1907
2943
817
754
4058
2070
666
1723
1343
1610
1112
1411
2348
1214
3019
2098
1891
1402
5136
2885
1831
2124
3416
4945
708
4802
1348
1168
3436
2981
1881
1091
1455
4102
751
2403
2026
1690
1299
1248
665
3409
16488
2942
1596
2006
1619
1862
2026
8714
2028
1741
2002
2853
3364
3697
1724
1588
1653
2956
2075
8534
3353
1402
793
3864
3793
5269
4082
3303
2139
4854
884
4130
1607
4030
4062
2330
2923
1442
1797
4168
3264
1650
3163
1130
1401
2055
3542
3487
1613
799
2817
1455
1323
4408
1120
2065
1172
3172
2299
1465
1569
2164
4419
582
736
1383
1645
8587
3959
3976
20022
3784
17002
16011
41652
3512
3796
8489
24250
4179
1244
7537
6542
5230
8721
3365
1553
2524
13397
10751
11741
7563
807
15813
881
1330
8791
1176
1136
9313
1604
31986
4452
2826
2135
26073
2867
6960
10270
6373
2068
2834
2135
4471
2899
1609
3233
2133
3219
3031
2028
3169
1912
6313
11284
1874
5533
4682
4996
4606
1319
1796
9369
2814
8989
1859
2165
4497
124436
8458
1420
4526
2156
2815
1843
2788
14451
9770
1588
5681
4643
2959
2958
2584
9392
1304
1291
2686
2582
2739
4521
3430
4440
2254
1358
2051
3215
10792
2792
2722
3708
3064
4182
2428
4829
654
1893
2165
1908
1891
1866
4737
2069
769
2261
3245
9536
2417
476
5838
3497
1537
2301
1914
7703
3575
22538
5547
6617
927
19453
1920
4336
3666
2252
13669
33238
3472
15075
7619
5961
2023
11314
1800
5852
24230
37526
950
1136
1609
6437
1380
3543
2859
3745
3031
4016
4802
3344
2485
3724
3233
9544
2837
3459
1889
1683
1223
622
1263
2233
589
683
826
853
3495
1251
1079
669
1795
263
421
4308
5211
1510
1819
1619
1634
1046
1456
1164
2094
898
1133
1830
638
2331
897
754
550
1446
492
647
4290
1114
757
559
992
1399
1933
1598
1195
330
3117
2090
1530
1380
2672
2193
1860
1578
5170
780
3480
731
3080
2445
881
611
1752
2248
1636
2178
1029
3028
2355
2407
3003
1268
1369
1996
1555
1372
1645
620
2293
712
1922
3576
1478
941
1067
767
831
1177
839
1034
1080
604
1435
1420
1912
1435
2083
907
771
392
2455
1447
1827
1221
1142
1629
1812
990
1002
1736
578
776
698
556
618
704
4772
1555
4523
1981
2941
447
3280
1494
2433
1389
533
3066
605
1096
822
547
1157
1479
1741
1270
4630
1997
3358
1331
1323
2185
1508
1154
2619
1102
624
2031
1021
3101
1535
1653
1986
1203
2159
843
2066
1335
1311
1139
881
884
1947
1330
825
3180
2196
776
2868
1113
1226
1236
1470
1918
474
964
996
1076
1114
2097
776
1359
1485
7245
2871
1092
1240
3737
908
1123
2292
2857
1382
2477
1206
1335
893
1144
958
1086
1738
3656
4666
1382
1220
1172
546
622
1993
495
2514
850
3367
2129
924
1621
1190
1889
915
822
1160
1180
3217
1248
1421
1117
1002
914
1356
1154
1324
2933
2047
3707
714
3653
3728
1372
525
804
1125
506
1231
613
730
2657
1728
2563
1431
1955
1511
1028
1753
882
892
2337
1680
1103
1095
3673
603
4289
4267
1302
992
2700
8017
1741
557
1175
1044
1571
30126
488
1621
770
1178
977
4525
2738
911
2133
940
1335
908
5776
1469
2282
3982
1479
2648
805
1754
652
2352
1165
2253
1294
5429
2336
1757
1254
424
4277
963
699
3870
1013
943
1050
1499
1393
1850
668
2690
4420
1827
3478
2090
2657
595
2019
660
706
531
1138
1740
1917
1387
1851
2232
931
753
2195
2885
2491
961
18502
589
1622
1602
1819
3094
1604
361
1237
1437
2204
1452
1957
1337
25556
1785
4467
3303
590
2302
1730
1176
2560
21838
1451
5631
725
10545
972
2984
3016
1915
770
1587
3115
2092
1435
712
5027
4760
903
2778
3902
2423
2237
1513
1914
615
558
2838
1319
2652
2173
4638
695
2663
1548
2532
1352
2546
2401
4078
9182
6639
2171
1892
4608
2154
1192
2704
2127
1302
2057
3868
2128
1815
7581
9936
2702
4674
2058
4194
1989
2588
2032
158882
3365
6049
1915
6497
52040
3037
3464
9088
9413
7177
6628
6094
902
3365
23124
3338
3934
11187
2967
1544
3677
1510
3788
21886
581
5804
5236
13491
6342
2303
1830
1922
12488
1709
1569
25641
5903
1506
7843
1743
1135
2033
9320
2452
16524
1815
479
18428
1254
3828
5583
806
2345
1471
2024
2265
1380
4016
9544
1839
979
2603
5491
22210
4058
3200
1836
1879
1877
2084
2467
4095
2478
2875
2747
3955
3065
6357
5636
1479
3676
444
12600
2133
979
2466
3296
3458
2626
2680
1609
1311
10934
1488
14865
6840
3109
4246
15783
11267
2195
8023
2364
5173
12708
21263
5098
4038
4922
8544
5595
2102
2517
788
9929
2873
6184
2864
16107
5162
3083
2096
9112
6260
4375
2493
4178
773
2584
833
1931
8282
1066
2606
4355
2061
12947
1177
2163
3769
4219
27639
6221
4441
1349
7123
1649
9579
2526
5430
7269
3684
3507
4186
1008
13479
2766
4730
2111
927
4156
274
1711
2637
2350
1145
13638
2044
3628
771
17507
4730
8810
698
2515
1335
6668
6792
1518
378
15037
2133
10277
11800
1606
3134
6577
780
1569
1134
1593
2474
9850
987
1395
3519
10679
1570
2071
1553
6100
8767
11372
2166
2272
3759
33507
9345
15632
3736
2497
4956
887
655
1981
1438
1287
1287
865
2905
1146
3504
2746
1191
971
3185
761
1145
1095
5310
1435
635
780
1045
1677
719
300
1486
1275
2542
1906
337
949
3156
1332
1957
3228
897
895
1645
2474
1469
729
1525
837
4021
539
2441
1227
1544
637
839
436
1316
1786
3974
1181
3217
1295
2308
1248
1458
1791
1089
1741
1723
769
2100
1685
1398
1202
2218
891
1233
765
607
6112
1287
1111
1004
238
928
1292
3567
1569
3946
4824
3247
4624
4339
4336
1736
3030
1264
2431
1642
3047
2129
2650
1812
1917
2602
2923
3281
3920
4036
3696
4057
2860
4019
3745
4090
4899
12787
17198
10994
1887
1995
1242
13304
5149
1007
2160
1614
1103
1039
1020
947
2938
969
1402
2723
621
4172
1101
4102
3065
1602
795
1625
2375
1023
3976
885
1860
1267
1573
3669
1245
1264
2491
1206
912
715
896
7054
974
1523
1450
1006
1562
2621
2111
5032
1247
599
2499
1916
1341
2460
3972
1625
1508
4186
1533
1768
3813
1229
2005
784
5519
2600
4316
584
3806
2621
1732
491
941
2279
1886
1041
1421
3428
1633
4879
2093
2017
1373
3162
2182
2145
3688
2040
3867
1731
2622
1853
1656
1843
1429
638
1266
1992
723
811
931
824
901
869
853
783
455
1274
1098
1911
1020
1237
1667
1902
1529
3122
3739
2486
3443
527
1234
998
796
615
4574
763
1548
1300
4604
2908
7396
6199
7073
1364
706
1296
1401
951
2939
1170
3960
2294
2398
1941
1178
1518
1137
966
1177
3327
875
1098
1026
1396
1189
2800
914
790
876
1346
1581
1478
3690
1289
874
999
1892
3460
2460
1235
1735
699
2172
1525
2347
1187
1736
1931
1185
4209
2041
1273
1595
1696
4094
1913
782
1409
2345
1820
1591
1712
1112
1008
1465
1021
4895
970
1554
1072
1343
563
1334
12114
707
945
677
982
2413
6129
726
1176
1933
1151
1020
5311
1438
2788
1601
3371
3448
2581
1625
2581
674
2843
1207
4453
2002
1592
2683
2915
2081
1956
2770
1377
1574
2134
3890
3627
1245
1746
1726
1943
5973
3103
2203
922
1359
1669
4866
932
944
2165
992
3290
16273
3951
9544
25981
848
6273
701
12826
8967
6178
10502
8575
13553
3985
1587
5392
1006
1896
1057
9862
3832
2351
1257
4958
2017
7280
8046
1310
934
3421
5959
4553
2718
463
1297
2470
3031
3136
11362
12613
2731
2855
9294
2286
6296
1163
1521
7550
3212
4471
6221
11896
2447
3018
11012
39448
3042
3121
1179
729
2767
10269
1613
2961
2242
5647
6314
1148
6136
2339
1545
13189
8236
4892
3587
4897
1215
795
1852
1738
2104
10705
35233
3063
3408
2089
10165
1162
5329
7689
3923
24916
842
2097
2634
5281
8601
107011
13074
1457
1171
2309
1609
1069
1900
1585
1718
1405
1634
1591
1046
1087
1165
2065
1380
2648
2207
1552
1657
2091
1085
6303
2546
2046
2585
1663
1034
2227
2412
2306
3253
2147
1723
1651
2399
2002
4062
2930
3564
4403
4329
2874
2878
3380
3289
2425
1750
2682
2428
1872
1961
541
1173
1997
1211
1000
2519
1245
1027
3931
1237
1800
1290
897
1635
621
1243
2715
982
1201
10211
1554
1146
1372
1231
2104
5037
1110
3531
972
2272
1481
2319
973
3550
851
954
1810
1890
2411
1165
2975
1889
2364
1069
1822
1159
2195
739
2093
3602
2359
1240
1227
1634
3510
1015
6344
884
664
490
2459
1087
2090
2536
1971
1602
2130
866
7628
3834
504
3109
1070
3778
5130
646
3493
7300
3054
1603
1935
1225
3756
1588
1919
953
2835
1528
1646
4046
3357
1423
1411
404
2438
2483
3708
2221
1017
764
2074
579
997
2465
864
648
3693
1381
1019
1155
843
556
3722
621
1311
1376
811
1139
2063
1409
1338
2810
1079
3204
1481
2453
3126
2749
2237
1130
1413
3355
3256
573
2730
1062
1582
1389
975
1015
4678
3074
5721
1545
3805
1361
2484
1640
666
1460
1714
1424
1285
4086
788
2297
1114
1369
1877
2490
1908
2400
1093
1621
3989
2040
993
1453
4226
1916
1332
1625
2144
3119
966
1539
1377
6388
6250
1436
3532
1615
1029
4363
2114
680
871
1891
824
1461
815
3290
936
2466
1779
2468
6240
1310
2020
1909
497
630
1825
2347
816
2109
1651
4973
1064
2515
509
3088
574
5166
2932
920
1974
1048
1220
3926
1103
565
6733
2325
789
727
2487
853
2489
1931
4040
689
2963
2401
806
4726
1633
2447
1579
4702
3780
1726
1991
2665
1287
2401
2291
1344
3505
1123
1398
694
368
893
3481
1171
2285
1626
1542
2847
1637
2748
2037
486
3871
1091
2005
795
713
3333
1458
3116
9284
1241
3640
3149
992
1447
2499
704
1374
4691
1906
1827
458
1216
1290
2955
3756
5985
1948
3886
9591
10137
9178
6904
2430
16257
3267
12467
1380
1048
4853
21659
6628
1212
825
7467
14710
17553
1212
1725
1459
2760
3824
3467
7510
1286
1524
1209
2584
4452
5784
1926
2899
2817
2252
1444
3196
4711
2641
2397
5185
2671
6045
4107
20196
22656
3531
3294
2183
7127
561
16926
2819
10468
1817
2953
930
2570
4156
6754
4268
3040
1803
2213
11311
7265
4676
27414
2072
1862
16450
3372
5896
11267
8003
6584
2699
24859
3929
15381
2944
857
3642
8792
4821
1404
7160
6173
3111
2686
7275
9536
2252
1168
13143
61694
17290
3885
3271
19868
30949
1273
3344
5093
709
3391
978
1221
2328
2612
1395
12171
2917
1195
1744
583
2805
4052
1526
3894
1241
2835
4021
545
1492
1445
3990
567
2413
880
1347
1970
1431
1858
2181
2212
1420
999
1546
4384
519
324
1803
904
2115
2754
7972
803
1836
5225
1727
1213
1307
935
907
2761
582
1300
2090
2016
1460
571
971
3397
1197
1926
1563
1494
3766
1429
621
867
2742
15463
1110
1676
1245
735
1860
1969
831
799
1207
1005
611
722
1076
1896
2522
1713
1752
1622
1441
1145
1668
2757
1678
1359
862
366
1123
2801
1335
858
781
4121
2158
908
2263
1210
2727
530
986
4351
2667
1767
3742
647
742
1574
1143
2704
1500
4739
1506
999
1551
1409
1209
2013
806
1423
1295
3769
3068
771
1864
608
2419
568
2614
3622
3111
2823
3947
3427
559
3219
1021
2287
1352
1475
1034
1554
3246
417
1033
808
773
1517
1406
727
2386
898
1462
3181
851
3293
1258
356
2292
3062
2336
2264
1869
1778
4283
1606
852
616
763
2533
3705
618
1706
1038
1100
2266
2320
2295
1142
502
3027
3805
1024
2465
761
1168
1080
2244
2814
893
1137
4147
881
1971
1403
2861
799
2586
1432
1422
1666
1746
4776
1843
1188
643
7645
1093
564
1188
1425
1384
759
1267
1461
2965
1711
3797
796
1021
1303
988
3418
1563
4388
7923
1272
1307
7037
1543
2247
4763
1329
2577
1908
1810
1296
2003
4318
1683
875
958
4091
2145
1126
1219
1146
2777
4195
2781
3985
16266
6229
1116
22858
5485
4238
1794
15783
8445
15131
2293
1362
9184
4017
5885
2986
2712
2079
715
2470
6214
1336
6107
663
1426
1036
4802
1795
2485
1379
3580
3247
4526
4040
2694
1645
1948
11489
552
8257
5525
2016
1657
2377
1218
987
8198
17456
2377
8027
4582
1564
8024
22254
6156
1574
4229
2967
4531
2799
38407
2529
1572
3670
5660
5690
4325
3664
7398
1896
7363
7398
9122
1590
12785
53022
5735
1920
7172
1473
4645
1157
1466
867
1865
11595
1404
1226
609
3146
2485
1431
2656
2913
2712
3064
1223
3191
1286
3886
2951
2571
708
1523
570
1290
3559
766
591
2188
1191
1601
985
1684
1503
1938
2432
2123
2202
11654
644
12956
2507
1066
4254
928
1829
6138
1999
2828
3767
1161
3963
6862
904
1292
2588
2948
921
471
1275
784
1840
2785
2602
1004
985
2141
3415
1794
2259
407
1390
1210
309
674
4044
1404
12062
924
1119
581
3897
2265
11633
1825
883
1204
660
965
717
5289
1017
702
472
1763
909
2035
862
2205
971
1205
1683
1231
1090
1383
2069
3077
475
931
1075
2200
1029
634
674
7979
1288
1868
582
604
2398
719
771
1123
1085
817
1184
1206
1928
3068
823
1955
881
962
1244
2088
3107
796
1227
2946
1911
1824
1626
1298
2975
698
634
2409
5276
3380
1383
901
1049
5856
10331
3189
955
2138
1548
2862
1318
977
1641
2409
1459
2115
887
3379
880
3866
4845
920
1295
1315
2531
1442
6246
1223
1193
2659
1432
1678
1264
1073
4255
1477
770
4089
2002
6489
4117
1654
2145
1558
943
8682
812
7045
1088
8088
2674
2204
13263
811
1627
2001
3147
801
1811
2180
1261
1053
3374
1875
1694
1332
1577
2001
2327
1522
2310
3902
1210
3491
1542
2809
1656
3216
2579
3011
6304
9170
1903
12769
7127
2418
8004
11281
3945
682
1446
6995
1505
5522
2782
12450
8657
1319
44719
1647
1552
14012
890
1541
2485
1380
1637
8612
2695
4427
4842
9848
2296
1691
2039
1775
1759
2549
890
25712
10903
3008
23253
12971
4229
12947
1086
4452
3043
1009
7023
2464
3371
6081
2581
938
8912
5453
1651
7676
1462
2349
104208
10387
3978
6601
6372
4805
12418
33865
33883
11204
1881
752
12980
1235
922
1149
1375
4067
1477
2350
2335
1110
1072
2855
1911
1943
1108
1399
1121
730
4166
3493
3873
6570
1303
1093
1355
749
2064
1928
875
1421
1472
3541
2888
3438
1184
2131
5862
1149
3450
2845
2892
1365
619
2831
905
1570
3001
773
1753
2375
1862
766
4185
696
3504
2265
5661
3224
999
3777
426
3959
2317
1098
1598
1429
3050
1423
970
2631
1759
10660
757
1080
1092
1098
1445
2474
1558
3553
2106
3921
1259
2241
801
1134
3574
1245
1746
2838
1003
1331
2369
985
2018
2902
2069
2237
1203
4089
1104
2110
850
1450
1070
947
1445
3760
2338
1172
2141
1331
1071
827
3401
740
1978
5449
885
3383
861
1394
4135
1711
723
2690
2267
2823
1099
5415
2246
1047
506
1656
1670
1106
2502
2719
6001
1421
2266
3245
955
2541
714
1455
1715
1892
2909
1638
3705
1995
1434
840
1541
2968
2749
1554
3348
543
2405
1632
1936
1874
1522
4510
2517
1045
2720
710
871
1410
477
1503
1253
1848
2017
1210
6638
898
1516
1536
4144
2590
2288
2616
3820
1659
2197
3679
6930
5722
6286
3177
1504
8569
8967
1811
7166
12822
3163
25732
370
1602
7714
2828
2694
2324
3636
3278
6227
3916
2822
1665
3154
1067
2314
3109
6498
7051
13977
2597
3880
1877
6058
15667
20396
40091
13295
1626
7864
1174
8525
5525
4349
1066
2001
1017
3736
2444
11690
15623
1329
6259
18630
2314
2041
2409
22656
1230
1376
5378
1151
35714
3731
1256
5642
9645
1938
5810
2395
895
2187
1964
9477
1422
1892
2717
1833
2106
2152
2560
4208
4500
2900
361
2126
3789
784
1469
5411
1799
768
1263
2084
1885
3495
3554
6171
1401
2617
2292
650
13105
2902
18709
19292
2542
4831
868
1844
916
1218
988
4150
2504
2442
3297
2334
1670
804
3639
2318
1544
3595
1521
1797
1985
4110
2494
381
2075
2353
4661
3454
3276
1227
748
2069
532
2410
3047
3794
2420
1066
5218
1123
699
556
660
390
2348
962
1450
2766
2609
2865
830
3564
3064
1433
1271
2553
5389
3480
8471
3970
3761
1053
2511
2141
2262
1478
904
1166
1509
1042
1739
1134
578
3993
4094
2275
5450
1603
1502
1130
1214
4256
4571
14763
2715
1476
894
2609
1458
810
1010
8844
1728
5235
1448
795
1708
5437
2603
2137
1761
4905
2137
6519
12125
8613
7935
1556
11741
2295
11870
4436
13357
3807
44276
4589
1353
4277
1209
1497
4930
2309
2815
3931
5431
3095
1583
523
1138
9246
788
686
7067
7781
1222
1505
1962
4349
3507
3499
3106
1241
3956
7217
10671
1755
1407
1401
3080
984
9527
1387
3915
4747
2400
1517
11729
5000
1218
13153
3549
3206
2026
990
2028
2592
5783
3247
2205
1920
1920
4796
2830
4257
1623
1180
2318
43587
3740
1879
1097
2266
2154
2396
4639
3076
3303
1091
1039
1954
727
1969
3131
926
1242
2644
2248
2496
2274
2496
1122
9346
4810
3433
1481
2103
1565
3645
857
909
1089
1461
2524
7016
1322
1586
190
3968
755
3454
2323
2693
2505
3754
3747
3216
977
6571
780
2326
1295
2571
1174
2273
835
1780
2632
1801
1832
2853
1052
2876
2537
1243
4535
730
1423
1809
1916
1677
1648
1094
824
1859
1715
2071
1255
4902
2313
3761
3636
15806
2127
3505
949
12343
1248
1617
2618
3807
5902
8004
19317
12115
59906
5083
2063
1910
1380
8872
10020
5230
36664
9262
17149
2186
8898
7849
4021
1358
12826
2437
1982
1451
4033
3032
10132
23497
862
10469
7030
8382
5172
2998
6315
23832
5655
4815
7475
8047
8993
8602
14635
3587
5040
8994
7891
14439
7728
6319
11732
17225
17056
6294
23285
22210
2027
25981
5566
2093
10751
4521
24505
13091
20381
4699
2211
975
83572
2765
2585
6441
8178
3263
5462
2426
8226
15940
13957
4525
51139
5527
4558
23517
6550
3682
1152
5100
1574
1247
952
4206
3756
4522
1419
4313
1574
5725
25834
1032
4873
1048
5767
7995
5797
2111
7888
1741
978
5645
3405
896
1191
10908
738
2548
2008
1472
2823
5524
9937
3992
7393
5704
9958
4938
2165
931
3745
1161
3478
5832
1360
19383
2399
16292
3549
4230
21541
11489
23592
1759
4471
6458
2530
22985
2694
2178
6623
4237
8889
2671
3723
13085
9268
562
1423
374
833
1308
720
9265
1003
1936
1509
1516
2338
2041
1573
2876
1600
840
1647
10015
2056
6362
2692
3518
5903
3201
10081
5991
4040
1515
3604
2487
1778
3745
4067
1161
1508
523
2220
2492
4603
15783
11239
3985
4760
8004
2023
3671
1503
1426
2533
9248
6259
635
5457
3941
3937
4771
5259
13085
5622
1353
6047
3623
1926
3045
7254
43287
4566
2797
5669
1893
1551
3806
11990
2075
1335
2312
3547
1283
1285
5297
2102
1651
3196
3755
2264
3839
14021
19213
14639
4083
24979
2074
6610
10042
1563
5619
2910
3589
5110
4875
2596
2368
9014
10486
5145
7325
3328
2839
3167
1548
1544
13545
2605
8458
18056
941
4539
7185
10512
3201
14187
7690
9541
3535
2291
9752
1517
9310
22985
10469
1389
2803
1744
5621
1883
94404
9805
6427
1811
2747
2359
1024
5110
2592
3695
13453
2593
3335
3119
1621
3104
11512
2857
11161
33281
5630
9984
3690
2871
3976
14589
18011
2769
8525
1082
4545
886
2639
4504
2953
3155
2396
1343
2441
4219
4568
1917
2448
8319
2297
4563
8068
11249
14743
11404
2120
3857
1105
14743
49473
4440
2885
1189
15342
1721
1805
1140
3690
10784
2088
3578
18722
17500
4629
5405
2944
11670
3339
31932
3312
16616
1747
2677
11305
1443
51053
1453
19916
3816
7953
1887
8403
3354
1127
1563
4025
9531
9327
2966
4959
2264
2140
28028
1382
2762
2378
18934
2680
4678
969
3468
2686
1114
105717
2019
3620
5994
3141
10946
2649
7495
8826
10915
12555
1453
7953
13953
6398
1660
2061
3498
664
5643
16014
3885
3754
4731
6158
1894
2489
16187
2881
1872
5289
14006
1577
1504
3372
2072
4138
4824
876
3738
4213
9248
3903
8378
10674
5607
8458
2983
1881
5780
2444
4409
10573
4781
2016
884
2313
1838
3444
3795
3231
1420
1841
10671
744
2274
1772
11122
447
7136
6262
2511
1573
6665
26942
32065
18110
5259
11862
5785
9231
20402
8207
10121
4213
11287
1791
8351
3778
1687
1241
3196
16669
2869
23711
2111
14852
5218
5757
1446
7780
1774
3192
2432
1941
3738
3005
5747
1940
5306
2853
27154
2797
5669
3541
2409
1875
11035
1355
34637
3605
1852
8556
1389
5044
50151
50864
1012
1
Average len:  6322.994360523666
Texts count:  14894
